0 0.0
1 0.0
2 0.0
3 0.0
4 0.0
5 0.0
6 0.0
7 0.0
8 0.0
9 0.0
10 0.0
11 181.27642588
12 458.896078575
13 285.727175706
14 174.128458717
15 114.039069272
16 97.4001860542
17 84.7870939781
18 55.4377152934
19 38.2216507608
20 38.2216507608
21 26.0883366087
22 25.1774824565
23 29.8291566087
24 21.9164403804
25 15.8254324565
26 13.0441683043
27 11.6535362282
28 14.4835020761
29 19.1351762282
30 20.0460303804
31 13.5239462282
32 17.6958424565
33 9.35205
34 15.3943562282
35 5.13145207608
36 8.39249415216
37 14.4348003804
38 10.2629041522
39 13.5239462282
40 12.5643903804
41 5.13145207608
42 7.00186207608
43 8.39249415216
44 6.95316038041
45 7.00186207608
46 6.04230622825
47 8.39249415216
48 12.6130920761
49 10.6939803804
50 8.39249415216
51 14.4348003804
52 26.5681145326
53 13.5239462282
54 18.6553983043
55 25.1774824565
56 28.8696007608
57 23.7381486847
58 22.8272945326
59 19.0864745326
60 17.6958424565
61 32.6591224565
62 31.2197886847
63 28.8696007608
64 22.8272945326
65 22.8272945326
66 14.4348003804
67 30.7887124565
68 28.8208990651
69 9.73442453257
70 39.1812066087
71 24.6977045326
72 32.6104207608
73 27.9587466087
74 34.4808307608
75 40.5718386847
76 26.5681145326
77 34.9606086847
78 60.0893894456
79 48.9156311412
80 68.4818835977
81 62.4395773695
82 74.0444119021
83 95.0012964346
84 99.2705960542
85 113.656694739
86 161.661471728
87 215.277478717
88 304.618843456
89 465.084489891
90 148.040122108
91 0.0
92 0.0
93 0.0
94 0.0
95 0.0
96 0.0
97 0.0
98 0.0
99 0.0
