0 0.0
1 0.0
2 0.0
3 0.0
4 0.0
5 0.0
6 0.0
7 0.0
8 0.0
9 0.0
10 0.0
11 0.0
12 0.0
13 0.0
14 0.0
15 0.0
16 0.0
17 0.0
18 0.0
19 0.0
20 0.0
21 0.0
22 0.0
23 0.0
24 0.0
25 0.0
26 0.0
27 0.0
28 0.0
29 0.0
30 0.0
31 0.0
32 0.0
33 0.0
34 0.0
35 0.0
36 0.0
37 0.0
38 36.3512407608
39 57.3081252934
40 66.1803973695
41 50.8347428369
42 65.1234381303
43 77.7852319021
44 61.4800215216
45 59.6096115216
46 76.8743777499
47 71.7429256738
48 68.912959826
49 81.0462739781
50 64.3586890651
51 84.2586143585
52 70.8320715216
53 72.2227035977
54 68.9616615216
55 88.0481360542
56 50.6886377499
57 64.3099873695
58 77.8339335977
59 75.9635235977
60 60.1380911412
61 73.6133356738
62 72.7024815216
63 69.0103632173
64 79.6556419021
65 82.4856077499
66 57.7392015216
67 75.9148219021
68 75.0039677499
69 63.3504315216
70 44.6950332173
71 52.1766732173
72 54.5755628369
73 49.8751869891
74 47.0939228369
75 39.5635811412
76 53.1362290651
77 42.8246232173
78 46.1830686847
79 46.614144913
80 48.4358532173
81 43.7841790651
82 49.3954090651
83 43.3044011412
84 28.3898228369
85 41.8650673695
86 42.873324913
87 35.4403866087
88 37.2133932173
89 40.5718386847
90 35.391684913
91 41.4826928369
92 26.5681145326
93 29.8291566087
94 25.6572603804
95 22.8272945326
96 32.9927952934
97 19.5662524565
98 27.0478924565
99 26.9991907608
100 22.3962183043
101 25.6572603804
102 26.0883366087
103 35.4403866087
104 34.9119069891
105 20.5258083043
106 33.1389003804
107 26.1370383043
108 14.9145783043
109 12.5643903804
110 22.8272945326
111 22.3475166087
112 11.1737583043
113 20.9568845326
114 15.8741341522
115 21.8677386847
116 16.7849883043
117 14.4835020761
118 15.3943562282
119 12.1333141522
120 15.3943562282
121 22.8272945326
122 7.91271622825
123 15.8254324565
124 13.5239462282
125 16.7362866087
126 7.91271622825
127 18.1756203804
128 20.9568845326
129 12.5643903804
130 16.7849883043
131 9.78312622825
132 9.78312622825
133 11.6535362282
134 11.6535362282
135 7.91271622825
136 14.9145783043
137 11.6535362282
138 7.00186207608
139 6.04230622825
140 1.87041
141 3.74082
142 9.78312622825
143 4.65167415216
144 15.3943562282
145 11.6535362282
146 7.91271622825
147 18.1756203804
148 6.04230622825
149 12.5643903804
150 4.17189622825
151 7.91271622825
152 6.04230622825
153 5.61123
154 2.78126415216
155 10.2629041522
156 8.87227207608
157 6.52208415216
158 5.13145207608
159 3.74082
160 7.00186207608
161 6.04230622825
162 4.65167415216
163 5.13145207608
164 6.04230622825
165 6.52208415216
166 10.6939803804
167 2.78126415216
168 8.39249415216
169 1.87041
170 7.43293830433
171 4.17189622825
172 4.65167415216
173 5.56252830433
174 3.26104207608
175 6.04230622825
176 10.2629041522
177 0.0
178 0.0
179 2.78126415216
180 1.87041
181 1.39063207608
182 3.26104207608
183 6.52208415216
184 3.26104207608
185 1.39063207608
186 1.87041
187 3.74082
188 2.78126415216
189 3.74082
190 2.78126415216
191 4.65167415216
192 5.13145207608
193 5.13145207608
194 3.74082
195 2.78126415216
196 0.0
197 5.13145207608
198 1.87041
199 1.87041
200 0.0
201 1.39063207608
202 3.26104207608
203 1.39063207608
204 6.52208415216
205 3.26104207608
206 1.39063207608
207 2.78126415216
208 3.74082
209 1.39063207608
210 0.0
211 0.0
212 2.78126415216
213 3.74082
214 3.26104207608
215 0.0
216 1.87041
217 2.78126415216
218 0.0
219 0.0
220 0.0
221 1.87041
222 0.0
223 0.0
224 3.74082
225 1.87041
226 0.0
227 1.39063207608
228 1.39063207608
229 0.0
230 1.87041
231 0.0
232 0.0
233 0.0
234 0.0
235 0.0
236 0.0
237 1.39063207608
238 1.39063207608
239 0.0
240 1.87041
241 0.0
242 0.0
243 0.0
244 0.0
245 5.13145207608
246 0.0
247 0.0
248 0.0
249 0.0
250 1.87041
251 0.0
252 1.87041
253 1.87041
254 1.87041
255 0.0
256 0.0
257 3.26104207608
258 0.0
259 0.0
260 2.78126415216
261 0.0
262 3.26104207608
263 3.26104207608
264 1.39063207608
265 0.0
266 1.87041
267 1.39063207608
268 3.26104207608
269 3.74082
270 0.0
271 1.39063207608
272 0.0
273 3.74082
274 0.0
275 0.0
276 0.0
277 0.0
278 0.0
279 0.0
280 0.0
281 0.0
282 1.87041
283 0.0
284 1.39063207608
285 1.39063207608
286 0.0
287 3.74082
288 0.0
289 0.0
290 0.0
291 1.87041
292 0.0
293 0.0
294 0.0
295 0.0
296 0.0
297 0.0
298 1.87041
299 0.0
