0 0.0
1 7.91271622825
2 9.78312622825
3 10.6939803804
4 8.39249415216
5 9.30334830433
6 11.6535362282
7 5.13145207608
8 9.78312622825
9 5.13145207608
10 6.04230622825
11 11.6535362282
12 6.04230622825
13 20.0947320761
14 7.00186207608
15 10.6939803804
16 13.0441683043
17 10.7426820761
18 12.5643903804
19 15.8254324565
20 12.1333141522
21 7.91271622825
22 12.0846124565
23 6.52208415216
24 11.6535362282
25 12.9954666087
26 10.2629041522
27 10.2629041522
28 10.2142024565
29 8.34379245649
30 3.26104207608
31 9.78312622825
32 8.39249415216
33 14.9145783043
34 6.95316038041
35 5.13145207608
36 18.1756203804
37 13.0441683043
38 11.6535362282
39 13.5239462282
40 18.1756203804
41 4.65167415216
42 13.0441683043
43 17.2647662282
44 17.2647662282
45 13.9550224565
46 8.82357038041
47 15.8254324565
48 12.5643903804
49 4.17189622825
50 13.0441683043
51 19.1351762282
52 23.3070724565
53 12.1333141522
54 20.5258083043
55 18.6553983043
56 10.2629041522
57 28.4872262282
58 7.43293830433
59 7.91271622825
60 12.9954666087
61 13.9550224565
62 14.4835020761
63 18.1756203804
64 18.1756203804
65 35.8714628369
66 29.3006769891
67 14.9145783043
68 34.4808307608
69 34.5295324565
70 27.0478924565
71 31.2197886847
72 25.1774824565
73 27.9587466087
74 39.6122828369
75 26.1370383043
76 29.8291566087
77 25.1287807608
78 36.3999424565
79 27.4789686847
80 39.1812066087
81 36.8310186847
82 37.262094913
83 30.7400107608
84 29.8291566087
85 25.5598569891
86 35.8714628369
87 29.3493786847
88 27.4789686847
89 27.9587466087
90 31.7482683043
91 41.9624707608
92 39.0838032173
93 33.0901986847
94 47.9560752934
95 59.6096115216
96 44.2152552934
97 51.7455969891
98 54.5268611412
99 42.4422486847
100 40.5231369891
101 52.6564511412
102 61.0489452934
103 66.1803973695
104 49.8751869891
105 50.7860411412
106 43.7354773695
107 56.3485694456
108 62.8706535977
109 86.1777260542
110 61.0002435977
111 61.9597994456
112 79.2732673695
113 62.4882790651
114 68.0021056738
115 71.7916273695
116 76.8743777499
117 98.693414739
118 63.3504315216
119 62.4395773695
120 90.3009205868
121 68.0508073695
122 95.098699826
123 71.6942239781
124 81.5260519021
125 60.5691673695
126 83.3477602064
127 54.4781594456
128 40.9542132173
129 48.0047769891
130 45.1748111412
131 39.5635811412
132 41.002914913
133 41.4339911412
134 44.743734913
135 21.9164403804
136 27.0478924565
137 18.1756203804
138 11.6535362282
139 16.3052103804
140 17.6958424565
141 15.8741341522
142 9.30334830433
143 11.6535362282
144 0.0
145 14.9145783043
146 15.3943562282
147 7.00186207608
148 12.6130920761
149 18.6066966087
150 8.87227207608
151 10.7426820761
152 12.1333141522
153 7.00186207608
154 4.65167415216
155 1.87041
156 8.39249415216
157 2.78126415216
158 1.39063207608
159 0.0
160 1.87041
161 3.26104207608
162 1.39063207608
163 1.87041
164 3.26104207608
165 1.87041
166 3.74082
167 0.0
168 5.61123
169 3.26104207608
170 0.0
171 1.87041
172 3.74082
173 3.74082
174 0.0
175 0.0
176 6.04230622825
177 1.87041
178 0.0
179 0.0
180 1.39063207608
181 0.0
182 0.0
183 0.0
184 0.0
185 0.0
186 0.0
187 1.39063207608
188 1.39063207608
189 2.78126415216
190 1.39063207608
191 2.78126415216
192 0.0
193 0.0
194 2.78126415216
195 1.87041
196 1.39063207608
197 1.87041
198 0.0
199 0.0
200 0.0
201 1.87041
202 0.0
203 1.39063207608
204 1.87041
205 1.87041
206 0.0
207 1.39063207608
208 0.0
209 0.0
210 2.78126415216
211 1.39063207608
212 0.0
213 1.87041
214 1.39063207608
215 0.0
216 0.0
217 0.0
218 0.0
219 1.87041
220 0.0
221 0.0
222 0.0
223 0.0
224 0.0
225 3.26104207608
226 0.0
227 0.0
228 0.0
229 0.0
230 0.0
231 0.0
232 1.87041
233 0.0
234 0.0
235 0.0
236 0.0
237 0.0
238 0.0
239 1.87041
240 0.0
241 1.87041
242 0.0
243 0.0
244 1.39063207608
245 0.0
246 0.0
247 0.0
248 1.87041
249 0.0
250 0.0
251 0.0
252 0.0
253 0.0
254 0.0
255 0.0
256 0.0
257 0.0
258 0.0
259 0.0
260 0.0
261 0.0
262 0.0
263 0.0
264 0.0
265 0.0
266 0.0
267 0.0
268 0.0
269 0.0
270 0.0
271 0.0
272 0.0
273 0.0
274 0.0
275 0.0
276 0.0
277 0.0
278 0.0
279 0.0
280 0.0
281 0.0
282 0.0
283 0.0
284 0.0
285 2.78126415216
286 0.0
287 0.0
288 0.0
289 0.0
290 0.0
291 0.0
292 1.87041
293 0.0
294 0.0
295 0.0
296 0.0
297 0.0
298 0.0
299 0.0
