0 0.0
1 0.0
2 6.04230622825
3 1.39063207608
4 0.0
5 4.65167415216
6 13.0441683043
7 7.91271622825
8 11.6535362282
9 9.78312622825
10 8.87227207608
11 10.6939803804
12 8.82357038041
13 15.8254324565
14 12.1333141522
15 5.56252830433
16 27.0478924565
17 20.0460303804
18 23.7868503804
19 18.6553983043
20 14.9145783043
21 15.3456545326
22 29.8291566087
23 13.9550224565
24 29.3493786847
25 25.6572603804
26 14.4348003804
27 28.3411211412
28 25.1287807608
29 24.6977045326
30 33.0901986847
31 38.1729490651
32 33.0901986847
33 42.3448452934
34 29.780454913
35 32.6104207608
36 35.4403866087
37 41.002914913
38 34.4808307608
39 35.4403866087
40 34.9119069891
41 27.4789686847
42 54.095784913
43 29.8291566087
44 23.7868503804
45 34.4808307608
46 41.9137690651
47 43.3531028369
48 27.9587466087
49 43.3531028369
50 38.2216507608
51 37.262094913
52 19.5662524565
53 43.3531028369
54 33.0901986847
55 41.4826928369
56 48.4358532173
57 34.4808307608
58 20.9568845326
59 37.2133932173
60 36.8310186847
61 40.5231369891
62 34.0010528369
63 31.650864913
64 32.1306428369
65 46.5654432173
66 36.7823169891
67 25.6085586847
68 38.1729490651
69 39.6609845326
70 20.9568845326
71 34.9606086847
72 43.7354773695
73 36.3512407608
74 26.5681145326
75 30.7887124565
76 31.2197886847
77 33.0901986847
78 30.7400107608
79 23.3557741522
80 36.3999424565
81 36.8310186847
82 25.1287807608
83 28.4385245326
84 25.6085586847
85 24.6977045326
86 32.1793445326
87 37.262094913
88 24.6977045326
89 33.0414969891
90 19.9973286847
91 31.2684903804
92 26.0883366087
93 18.1756203804
94 27.9587466087
95 18.6066966087
96 30.2602328369
97 29.8291566087
98 27.0478924565
99 19.9973286847
100 28.9183024565
101 23.2583707608
102 24.2179266087
103 23.3070724565
104 15.3943562282
105 25.1287807608
106 28.3898228369
107 16.3052103804
108 35.8714628369
109 22.3962183043
110 21.8677386847
111 21.3879607608
112 14.4835020761
113 18.1756203804
114 27.910044913
115 22.3962183043
116 18.6553983043
117 15.8254324565
118 20.5258083043
119 26.0883366087
120 10.2142024565
121 18.1756203804
122 18.1756203804
123 18.1756203804
124 19.5662524565
125 20.9568845326
126 15.3456545326
127 19.5662524565
128 20.4771066087
129 20.0460303804
130 16.7849883043
131 20.9568845326
132 17.6958424565
133 8.39249415216
134 18.6553983043
135 13.4752445326
136 19.6149541522
137 15.8741341522
138 14.4348003804
139 10.7426820761
140 13.5239462282
141 11.1737583043
142 11.6535362282
143 14.9145783043
144 7.43293830433
145 8.39249415216
146 23.7868503804
147 17.2160645326
148 19.5662524565
149 16.7849883043
150 4.65167415216
151 10.6939803804
152 11.1737583043
153 3.26104207608
154 11.6535362282
155 12.0846124565
156 14.4348003804
157 7.91271622825
158 14.8658766087
159 10.2629041522
160 13.0441683043
161 7.43293830433
162 12.5643903804
163 9.78312622825
164 19.1351762282
165 11.6535362282
166 12.1333141522
167 9.78312622825
168 12.6130920761
169 14.9145783043
170 10.2629041522
171 10.6939803804
172 10.2629041522
173 7.00186207608
174 10.2629041522
175 2.78126415216
176 1.39063207608
177 3.26104207608
178 6.52208415216
179 8.39249415216
180 11.6535362282
181 5.56252830433
182 7.00186207608
183 12.1333141522
184 1.39063207608
185 2.78126415216
186 9.30334830433
187 6.52208415216
188 4.65167415216
189 4.65167415216
190 7.00186207608
191 14.4348003804
192 7.00186207608
193 3.74082
194 2.78126415216
195 6.52208415216
196 6.04230622825
197 8.87227207608
198 6.04230622825
199 6.52208415216
200 5.13145207608
201 4.65167415216
202 4.17189622825
203 4.65167415216
204 6.52208415216
205 2.78126415216
206 3.74082
207 12.1333141522
208 4.65167415216
209 5.13145207608
210 6.04230622825
211 5.61123
212 9.35205
213 5.13145207608
214 0.0
215 6.52208415216
216 2.78126415216
217 3.26104207608
218 3.74082
219 1.87041
220 0.0
221 1.87041
222 1.39063207608
223 0.0
224 4.17189622825
225 0.0
226 3.74082
227 1.39063207608
228 2.78126415216
229 5.61123
230 3.26104207608
231 5.56252830433
232 2.78126415216
233 4.65167415216
234 4.65167415216
235 10.2629041522
236 0.0
237 1.39063207608
238 6.52208415216
239 3.26104207608
240 5.13145207608
241 5.13145207608
242 7.00186207608
243 3.74082
244 0.0
245 0.0
246 0.0
247 4.65167415216
248 0.0
249 5.13145207608
250 6.52208415216
251 3.74082
252 5.13145207608
253 0.0
254 0.0
255 1.39063207608
256 0.0
257 4.65167415216
258 2.78126415216
259 8.39249415216
260 1.39063207608
261 0.0
262 3.74082
263 0.0
264 0.0
265 1.39063207608
266 1.39063207608
267 1.87041
268 3.26104207608
269 1.87041
270 0.0
271 1.87041
272 1.39063207608
273 0.0
274 0.0
275 1.87041
276 3.26104207608
277 1.87041
278 1.87041
279 1.87041
280 4.65167415216
281 1.39063207608
282 0.0
283 3.74082
284 0.0
285 0.0
286 1.39063207608
287 1.87041
288 1.39063207608
289 3.74082
290 3.26104207608
291 0.0
292 0.0
293 4.65167415216
294 7.91271622825
295 1.39063207608
296 1.39063207608
297 3.74082
298 3.74082
299 3.74082
