0 0.0
1 0.0
2 0.0
3 3.74082
4 5.13145207608
5 5.61123
6 5.61123
7 8.39249415216
8 6.95316038041
9 9.78312622825
10 11.22246
11 14.4348003804
12 13.0441683043
13 7.48164
14 12.0846124565
15 15.8254324565
16 26.6168162282
17 16.7849883043
18 24.6977045326
19 26.1370383043
20 24.6977045326
21 17.6958424565
22 11.6535362282
23 25.6572603804
24 18.6553983043
25 34.8632052934
26 24.6977045326
27 27.910044913
28 31.6995666087
29 14.4348003804
30 35.9201645326
31 26.9991907608
32 29.3493786847
33 35.8227611412
34 33.5699766087
35 32.1306428369
36 28.4385245326
37 30.2115311412
38 36.7823169891
39 41.0516166087
40 44.2639569891
41 37.2133932173
42 33.9523511412
43 37.7418728369
44 29.8291566087
45 30.3089345326
46 46.1830686847
47 32.6591224565
48 48.0534786847
49 31.2197886847
50 43.7841790651
51 40.0433590651
52 35.391684913
53 35.391684913
54 40.4744352934
55 32.1306428369
56 29.8291566087
57 34.0497545326
58 22.8272945326
59 27.5276703804
60 21.3879607608
61 41.4339911412
62 29.8291566087
63 37.7418728369
64 27.4789686847
65 38.2703524565
66 35.8227611412
67 34.4808307608
68 33.5699766087
69 34.0010528369
70 26.5194128369
71 36.3025390651
72 34.4321290651
73 32.1306428369
74 30.2602328369
75 40.0920607608
76 29.3980803804
77 29.3493786847
78 32.6104207608
79 31.2197886847
80 29.3493786847
81 41.9624707608
82 27.4789686847
83 35.8714628369
84 31.2197886847
85 42.873324913
86 24.2179266087
87 20.0460303804
88 26.0883366087
89 30.7400107608
90 24.6977045326
91 31.1710869891
92 14.4348003804
93 33.0901986847
94 25.6572603804
95 18.6553983043
96 23.7868503804
97 24.6003011412
98 27.4789686847
99 31.2684903804
100 25.1287807608
101 20.4771066087
102 14.4348003804
103 20.0460303804
104 22.3475166087
105 30.2602328369
106 25.6572603804
107 26.0883366087
108 26.0883366087
109 13.9550224565
110 16.7849883043
111 16.7362866087
112 37.7418728369
113 27.4789686847
114 34.9119069891
115 18.1756203804
116 11.6535362282
117 26.9991907608
118 26.0883366087
119 12.0846124565
120 26.5681145326
121 26.0883366087
122 16.3052103804
123 22.8272945326
124 18.6066966087
125 15.8741341522
126 14.4348003804
127 19.0864745326
128 16.7849883043
129 8.87227207608
130 15.8254324565
131 6.52208415216
132 19.5662524565
133 13.5239462282
134 12.1333141522
135 11.1737583043
136 16.7849883043
137 19.5662524565
138 20.5258083043
139 10.7426820761
140 15.8254324565
141 15.3456545326
142 8.39249415216
143 20.9568845326
144 9.78312622825
145 6.52208415216
146 11.1737583043
147 9.78312622825
148 16.3052103804
149 11.6535362282
150 21.8677386847
151 7.91271622825
152 9.30334830433
153 9.30334830433
154 23.7381486847
155 7.91271622825
156 7.43293830433
157 13.0441683043
158 13.5239462282
159 11.6535362282
160 13.4752445326
161 10.2629041522
162 7.00186207608
163 14.3860986847
164 11.1737583043
165 5.61123
166 9.78312622825
167 10.2142024565
168 6.52208415216
169 10.2629041522
170 10.2629041522
171 17.2647662282
172 3.26104207608
173 7.91271622825
174 8.82357038041
175 1.39063207608
176 11.22246
177 6.52208415216
178 4.65167415216
179 13.9550224565
180 8.87227207608
181 8.87227207608
182 5.13145207608
183 10.6939803804
184 3.26104207608
185 2.78126415216
186 1.39063207608
187 5.13145207608
188 15.3456545326
189 10.2629041522
190 0.0
191 14.0037241522
192 10.6939803804
193 5.13145207608
194 4.17189622825
195 8.39249415216
196 5.13145207608
197 8.87227207608
198 11.6535362282
199 5.13145207608
200 3.26104207608
201 10.7426820761
202 1.39063207608
203 4.65167415216
204 3.74082
205 3.74082
206 1.87041
207 1.87041
208 5.13145207608
209 1.87041
210 7.00186207608
211 6.04230622825
212 6.52208415216
213 6.52208415216
214 5.61123
215 10.2629041522
216 3.26104207608
217 0.0
218 5.13145207608
219 9.78312622825
220 6.52208415216
221 0.0
222 7.43293830433
223 3.26104207608
224 0.0
225 5.13145207608
226 5.13145207608
227 7.48164
228 3.26104207608
229 6.52208415216
230 5.13145207608
231 3.74082
232 0.0
233 1.87041
234 1.39063207608
235 1.87041
236 3.26104207608
237 1.87041
238 1.87041
239 3.74082
240 5.61123
241 3.26104207608
242 2.78126415216
243 1.87041
244 1.87041
245 1.39063207608
246 4.65167415216
247 3.26104207608
248 1.39063207608
249 1.87041
250 1.87041
251 0.0
252 0.0
253 3.26104207608
254 1.87041
255 1.39063207608
256 0.0
257 3.74082
258 0.0
259 0.0
260 0.0
261 0.0
262 1.87041
263 3.26104207608
264 3.26104207608
265 5.61123
266 5.61123
267 1.39063207608
268 1.39063207608
269 3.74082
270 0.0
271 1.87041
272 2.78126415216
273 4.65167415216
274 3.74082
275 0.0
276 8.39249415216
277 1.87041
278 3.26104207608
279 1.87041
280 3.74082
281 1.87041
282 1.87041
283 1.87041
284 3.26104207608
285 3.26104207608
286 0.0
287 5.13145207608
288 1.87041
289 4.65167415216
290 3.26104207608
291 1.39063207608
292 1.39063207608
293 0.0
294 1.39063207608
295 1.87041
296 3.26104207608
297 0.0
298 3.74082
299 0.0
