0 0.0
1 0.0
2 0.0
3 0.0
4 0.0
5 0.0
6 0.0
7 0.0
8 0.0
9 0.0
10 0.0
11 0.0
12 0.0
13 3.60084546656
14 1.80042273328
15 3.60084546656
16 0.0
17 3.60084546656
18 3.60084546656
19 5.40126819985
20 1.80042273328
21 0.0
22 1.80042273328
23 0.0
24 3.60084546656
25 1.80042273328
26 1.80042273328
27 0.0
28 3.60084546656
29 3.60084546656
30 0.0
31 0.0
32 1.80042273328
33 3.60084546656
34 0.0
35 1.80042273328
36 1.80042273328
37 0.0
38 1.80042273328
39 0.0
40 0.0
41 0.0
42 0.0
43 1.80042273328
44 0.0
45 0.0
46 0.0
47 1.80042273328
48 1.80042273328
49 1.80042273328
50 0.0
51 0.0
52 0.0
53 1.80042273328
54 0.0
55 1.80042273328
56 0.0
57 1.80042273328
58 0.0
59 1.80042273328
60 3.60084546656
61 0.0
62 1.80042273328
63 0.0
64 1.80042273328
65 0.0
66 0.0
67 1.80042273328
68 0.0
69 0.0
70 0.0
71 0.0
72 1.80042273328
73 0.0
74 0.0
75 0.0
76 1.80042273328
77 1.80042273328
78 1.80042273328
79 3.60084546656
80 3.60084546656
81 0.0
82 1.80042273328
83 5.40126819985
84 3.60084546656
85 1.80042273328
86 0.0
87 3.60084546656
88 3.60084546656
89 1.80042273328
90 0.0
91 0.0
92 0.0
93 0.0
94 0.0
95 0.0
96 0.0
97 0.0
98 0.0
99 0.0
