0 0.0
1 0.0
2 0.0
3 0.0
4 0.0
5 0.0
6 0.0
7 0.0
8 0.0
9 0.0
10 0.0
11 0.0
12 18.9139433542
13 10.7023086962
14 3.33098016069
15 4.62862619382
16 1.29764603313
17 1.65036791579
18 11.5426148187
19 4.17128628314
20 0.840306122449
21 0.840306122449
22 4.90326172618
23 0.0
24 0.0
25 1.6806122449
26 1.29764603313
27 1.60252589459
28 1.29764603313
29 4.59838186472
30 1.65036791579
31 1.65036791579
32 0.0
33 8.21163465796
34 0.0
35 0.0
36 0.762219772143
37 1.6806122449
38 1.29764603313
39 0.0
40 0.0
41 1.65036791579
42 0.762219772143
43 0.762219772143
44 0.0
45 0.0
46 1.29764603313
47 0.0
48 0.0
49 0.0
50 0.0
51 0.0
52 0.840306122449
53 0.0
54 0.0
55 0.0
56 0.0
57 1.65036791579
58 2.41258768794
59 0.0
60 1.65036791579
61 0.0
62 0.0
63 0.0
64 0.0
65 0.0
66 0.840306122449
67 0.0
68 0.840306122449
69 1.65036791579
70 0.0
71 0.0
72 1.65036791579
73 1.65036791579
74 0.0
75 0.0
76 0.0
77 3.93702723222
78 4.14104195404
79 0.840306122449
80 4.14104195404
81 0.0
82 1.65036791579
83 0.0
84 0.840306122449
85 4.62862619382
86 6.24874978051
87 5.0859661045
88 4.95110374738
89 20.9738091594
90 4.95110374738
91 0.0
92 0.0
93 0.0
94 0.0
95 0.0
96 0.0
97 0.0
98 0.0
99 0.0
