0 0.0
1 2.49067403824
2 2.49067403824
3 1.65036791579
4 4.09319993283
5 8.21163465796
6 0.0
7 1.6806122449
8 1.65036791579
9 3.71023372107
10 0.0
11 0.840306122449
12 2.49067403824
13 1.29764603313
14 1.65036791579
15 3.25289381039
16 0.840306122449
17 0.840306122449
18 0.0
19 13.1929827344
20 2.49067403824
21 19.7240051475
22 0.0
23 3.30073583159
24 4.06295560373
25 3.33098016069
26 2.94801394892
27 0.0
28 1.29764603313
29 12.352676612
30 3.30073583159
31 0.840306122449
32 0.0
33 0.0
34 0.840306122449
35 4.14104195404
36 0.840306122449
37 1.29764603313
38 0.0
39 7.39393576442
40 1.65036791579
41 0.0
42 0.0
43 2.49067403824
44 2.94801394892
45 0.0
46 1.65036791579
47 0.0
48 2.13795215558
49 0.0
50 1.29764603313
51 1.60252589459
52 0.0
53 0.0
54 0.0
55 0.0
56 0.0
57 0.0
58 1.29764603313
59 0.0
60 8.21163465796
61 0.0
62 0.0
63 1.29764603313
64 1.29764603313
65 0.0
66 0.0
67 0.0
68 0.0
69 0.840306122449
70 0.0
71 8.21163465796
72 0.0
73 0.0
74 0.0
75 0.840306122449
76 0.0
77 0.0
78 1.65036791579
79 1.65036791579
80 1.65036791579
81 0.840306122449
82 0.0
83 1.29764603313
84 0.0
85 0.0
86 0.0
87 0.0
88 0.0
89 0.762219772143
90 1.65036791579
91 0.0
92 0.0
93 0.0
94 0.0
95 0.0
96 0.0
97 0.0
98 0.0
99 0.0
100 0.0
101 0.0
102 0.0
103 0.0
104 0.0
105 0.0
106 0.0
107 0.0
108 0.0
109 0.0
110 0.0
111 0.0
112 0.0
113 0.0
114 1.65036791579
115 0.762219772143
116 0.0
117 0.0
118 0.0
119 0.0
120 0.0
121 0.0
122 0.0
123 0.0
124 0.0
125 0.0
126 0.0
127 0.0
128 0.0
129 0.0
130 0.0
131 0.0
132 0.0
133 0.0
134 0.0
135 0.0
136 0.0
137 0.0
138 0.0
139 0.0
140 0.0
141 0.0
142 0.840306122449
143 0.0
144 0.0
145 0.0
146 0.0
147 0.0
148 0.0
149 0.0
150 0.0
151 0.0
152 0.0
153 0.0
154 0.0
155 0.0
156 0.0
157 0.0
158 0.0
159 0.0
160 0.0
161 0.0
162 0.0
163 0.0
164 0.762219772143
165 0.0
166 0.0
167 0.0
168 0.0
169 0.0
170 0.0
171 0.0
172 0.0
173 0.0
174 0.0
175 0.762219772143
176 0.0
177 0.0
178 0.0
179 0.0
180 0.0
181 0.0
182 0.0
183 0.0
184 0.0
185 0.0
186 0.0
187 0.0
188 0.0
189 0.0
190 0.0
191 0.0
192 0.0
193 0.0
194 0.0
195 0.0
196 0.0
197 0.0
198 0.0
199 0.0
200 0.0
201 0.0
202 0.0
203 0.0
204 0.0
205 0.0
206 0.0
207 0.0
208 0.0
209 0.0
210 0.0
211 0.0
212 0.0
213 0.0
214 0.0
215 0.0
216 0.0
217 0.0
218 0.0
219 0.0
220 0.0
221 0.0
222 0.0
223 0.0
224 0.0
225 0.0
226 0.0
227 0.0
228 0.0
229 0.0
230 0.0
231 0.0
232 0.0
233 0.0
234 0.0
235 0.0
236 0.0
237 0.0
238 0.0
239 0.0
240 0.0
241 0.0
242 0.0
243 0.0
244 0.0
245 0.0
246 0.0
247 0.0
248 0.0
249 0.0
250 0.0
251 0.0
252 0.0
253 0.0
254 0.0
255 0.0
256 0.0
257 0.0
258 0.0
259 0.0
260 0.0
261 0.0
262 0.0
263 0.0
264 0.0
265 0.0
266 0.0
267 0.0
268 0.0
269 0.0
270 0.0
271 0.0
272 0.0
273 0.0
274 0.0
275 0.0
276 0.0
277 0.0
278 0.0
279 0.0
280 0.0
281 0.0
282 0.0
283 0.0
284 0.0
285 0.0
286 0.0
287 0.0
288 0.0
289 0.0
290 0.0
291 0.0
292 0.0
293 0.0
294 0.0
295 0.0
296 0.0
297 0.0
298 0.0
299 0.0
