0 0.0
1 0.0
2 0.0
3 0.0
4 0.0
5 0.0
6 0.0
7 0.0
8 0.840306122449
9 0.0
10 0.0
11 0.0
12 0.0
13 0.0
14 0.0
15 0.0
16 1.29764603313
17 0.0
18 0.0
19 0.0
20 1.65036791579
21 0.0
22 0.0
23 1.65036791579
24 0.0
25 0.0
26 0.0
27 0.0
28 0.0
29 0.840306122449
30 0.0
31 0.0
32 0.0
33 0.0
34 1.65036791579
35 1.65036791579
36 0.840306122449
37 0.0
38 0.0
39 0.0
40 1.65036791579
41 0.840306122449
42 0.0
43 1.65036791579
44 1.65036791579
45 0.0
46 0.0
47 0.0
48 3.30073583159
49 0.0
50 0.762219772143
51 1.65036791579
52 0.0
53 0.0
54 0.0
55 0.0
56 1.29764603313
57 0.0
58 0.0
59 0.0
60 0.0
61 0.0
62 0.0
63 0.0
64 0.0
65 0.762219772143
66 0.0
67 0.840306122449
68 0.0
69 0.0
70 0.0
71 0.0
72 0.0
73 0.0
74 0.0
75 0.0
76 0.840306122449
77 0.0
78 3.30073583159
79 0.0
80 0.0
81 1.65036791579
82 1.65036791579
83 0.0
84 1.65036791579
85 0.840306122449
86 0.0
87 3.30073583159
88 0.840306122449
89 0.0
90 9.86200257376
91 0.0
92 0.840306122449
93 0.0
94 0.0
95 0.0
96 0.0
97 1.60252589459
98 0.0
99 0.0
100 1.52443954429
101 1.60252589459
102 0.0
103 0.0
104 0.0
105 2.41258768794
106 16.4232693159
107 0.0
108 0.0
109 0.840306122449
110 8.21163465796
111 0.0
112 1.65036791579
113 1.65036791579
114 0.840306122449
115 0.0
116 0.0
117 0.0
118 0.0
119 0.0
120 0.0
121 0.0
122 0.0
123 0.0
124 0.0
125 0.0
126 0.0
127 0.0
128 0.0
129 0.0
130 8.21163465796
131 1.65036791579
132 1.65036791579
133 0.0
134 0.0
135 0.0
136 1.65036791579
137 3.30073583159
138 0.0
139 0.0
140 0.0
141 0.0
142 0.0
143 0.0
144 0.0
145 0.0
146 0.0
147 0.0
148 0.0
149 0.0
150 0.0
151 2.94801394892
152 1.65036791579
153 1.29764603313
154 0.0
155 0.840306122449
156 0.0
157 0.0
158 0.0
159 8.21163465796
160 8.21163465796
161 1.65036791579
162 0.840306122449
163 2.13795215558
164 0.0
165 0.762219772143
166 0.0
167 0.840306122449
168 0.0
169 0.0
170 0.840306122449
171 0.0
172 0.0
173 0.840306122449
174 1.29764603313
175 0.0
176 0.0
177 0.0
178 3.33098016069
179 0.0
180 0.0
181 0.0
182 0.0
183 0.0
184 0.0
185 0.0
186 0.0
187 0.0
188 0.762219772143
189 0.0
190 0.0
191 0.0
192 0.762219772143
193 0.0
194 0.0
195 0.0
196 0.0
197 0.0
198 0.0
199 0.0
200 0.0
201 0.0
202 0.0
203 0.840306122449
204 0.0
205 0.0
206 0.0
207 0.0
208 0.0
209 0.0
210 0.0
211 0.0
212 0.0
213 0.0
214 0.0
215 0.0
216 0.840306122449
217 0.0
218 0.0
219 0.0
220 0.0
221 0.0
222 0.0
223 0.0
224 0.0
225 1.29764603313
226 0.0
227 0.840306122449
228 0.0
229 0.0
230 0.0
231 1.29764603313
232 0.0
233 0.840306122449
234 0.0
235 0.0
236 0.0
237 0.0
238 0.0
239 0.0
240 0.0
241 0.0
242 0.0
243 0.0
244 0.0
245 0.0
246 0.0
247 0.0
248 0.0
249 0.0
250 0.0
251 0.0
252 0.0
253 0.0
254 0.840306122449
255 0.0
256 0.0
257 0.0
258 0.0
259 0.0
260 0.0
261 0.0
262 0.0
263 0.0
264 1.65036791579
265 0.0
266 0.0
267 0.0
268 0.0
269 0.0
270 0.0
271 0.0
272 0.0
273 0.0
274 0.0
275 0.0
276 0.0
277 0.0
278 0.0
279 0.0
280 0.0
281 0.840306122449
282 0.0
283 0.0
284 0.0
285 0.0
286 0.0
287 1.65036791579
288 0.0
289 0.0
290 0.0
291 0.0
292 1.65036791579
293 0.0
294 0.0
295 0.0
296 0.0
297 0.0
298 0.0
299 1.65036791579
