0 0.0
1 0.0
2 0.0
3 0.0
4 0.0
5 0.0
6 0.0
7 0.0
8 0.0
9 0.0
10 0.0
11 1.69851201253
12 5.09553603759
13 0.0
14 0.0
15 0.0
16 0.0
17 5.09553603759
18 1.69851201253
19 3.39702402506
20 0.0
21 0.0
22 1.69851201253
23 0.0
24 0.0
25 0.0
26 3.39702402506
27 1.69851201253
28 0.0
29 3.39702402506
30 1.69851201253
31 1.69851201253
32 1.69851201253
33 0.0
34 0.0
35 1.69851201253
36 0.0
37 0.0
38 1.69851201253
39 0.0
40 1.69851201253
41 0.0
42 0.0
43 1.69851201253
44 3.39702402506
45 1.69851201253
46 0.0
47 3.39702402506
48 0.0
49 1.69851201253
50 0.0
51 0.0
52 1.69851201253
53 0.0
54 0.0
55 1.69851201253
56 0.0
57 1.69851201253
58 1.69851201253
59 0.0
60 1.69851201253
61 0.0
62 0.0
63 1.69851201253
64 0.0
65 0.0
66 0.0
67 1.69851201253
68 0.0
69 0.0
70 1.69851201253
71 1.69851201253
72 0.0
73 3.39702402506
74 1.69851201253
75 0.0
76 0.0
77 1.69851201253
78 3.39702402506
79 1.69851201253
80 1.69851201253
81 0.0
82 0.0
83 0.0
84 1.69851201253
85 1.69851201253
86 1.69851201253
87 1.69851201253
88 3.39702402506
89 5.09553603759
90 0.0
91 0.0
92 0.0
93 0.0
94 0.0
95 0.0
96 0.0
97 0.0
98 0.0
99 0.0
