0 0.0
1 0.0
2 0.0
3 0.0
4 0.0
5 0.0
6 0.0
7 0.0
8 0.0
9 0.0
10 0.0
11 0.0
12 5.09553603759
13 1.69851201253
14 6.79404805012
15 5.09553603759
16 8.49256006265
17 15.2866081128
18 3.39702402506
19 8.49256006265
20 8.49256006265
21 1.69851201253
22 11.8895840877
23 3.39702402506
24 3.39702402506
25 1.69851201253
26 1.69851201253
27 5.09553603759
28 5.09553603759
29 1.69851201253
30 1.69851201253
31 1.69851201253
32 0.0
33 1.69851201253
34 1.69851201253
35 5.09553603759
36 0.0
37 3.39702402506
38 1.69851201253
39 3.39702402506
40 5.09553603759
41 0.0
42 1.69851201253
43 1.69851201253
44 0.0
45 5.09553603759
46 0.0
47 1.69851201253
48 3.39702402506
49 3.39702402506
50 5.09553603759
51 1.69851201253
52 0.0
53 6.79404805012
54 3.39702402506
55 1.69851201253
56 1.69851201253
57 3.39702402506
58 0.0
59 0.0
60 3.39702402506
61 0.0
62 0.0
63 0.0
64 1.69851201253
65 5.09553603759
66 3.39702402506
67 3.39702402506
68 0.0
69 1.69851201253
70 3.39702402506
71 1.69851201253
72 1.69851201253
73 3.39702402506
74 1.69851201253
75 5.09553603759
76 5.09553603759
77 3.39702402506
78 3.39702402506
79 6.79404805012
80 5.09553603759
81 5.09553603759
82 1.69851201253
83 3.39702402506
84 6.79404805012
85 10.1910720752
86 1.69851201253
87 3.39702402506
88 8.49256006265
89 6.79404805012
90 0.0
91 0.0
92 0.0
93 0.0
94 0.0
95 0.0
96 0.0
97 0.0
98 0.0
99 0.0
