0 0.0
1 0.0
2 0.0
3 0.0
4 0.0
5 0.0
6 0.0
7 0.0
8 0.0
9 0.0
10 0.0
11 0.0
12 0.0
13 0.0
14 0.0
15 0.0
16 0.0
17 0.0
18 0.0
19 0.0
20 0.0
21 0.0
22 0.0
23 0.0
24 0.0
25 0.0
26 0.0
27 0.0
28 0.0
29 0.0
30 0.0
31 0.0
32 0.0
33 0.0
34 0.0
35 0.0
36 0.0
37 0.0
38 9.00211366641
39 3.60084546656
40 3.60084546656
41 10.8025363997
42 10.8025363997
43 14.4033818663
44 0.0
45 12.602959133
46 10.8025363997
47 7.20169093313
48 3.60084546656
49 12.602959133
50 1.80042273328
51 5.40126819985
52 3.60084546656
53 3.60084546656
54 5.40126819985
55 1.80042273328
56 7.20169093313
57 7.20169093313
58 3.60084546656
59 1.80042273328
60 5.40126819985
61 3.60084546656
62 5.40126819985
63 1.80042273328
64 3.60084546656
65 0.0
66 3.60084546656
67 3.60084546656
68 1.80042273328
69 1.80042273328
70 3.60084546656
71 1.80042273328
72 3.60084546656
73 0.0
74 1.80042273328
75 1.80042273328
76 0.0
77 0.0
78 0.0
79 3.60084546656
80 3.60084546656
81 1.80042273328
82 1.80042273328
83 1.80042273328
84 3.60084546656
85 0.0
86 0.0
87 0.0
88 1.80042273328
89 0.0
90 0.0
91 0.0
92 5.40126819985
93 1.80042273328
94 0.0
95 5.40126819985
96 0.0
97 0.0
98 1.80042273328
99 0.0
100 0.0
101 3.60084546656
102 1.80042273328
103 1.80042273328
104 0.0
105 0.0
106 0.0
107 3.60084546656
108 3.60084546656
109 1.80042273328
110 0.0
111 1.80042273328
112 1.80042273328
113 1.80042273328
114 0.0
115 0.0
116 0.0
117 0.0
118 0.0
119 1.80042273328
120 0.0
121 0.0
122 3.60084546656
123 3.60084546656
124 0.0
125 1.80042273328
126 0.0
127 0.0
128 0.0
129 1.80042273328
130 0.0
131 1.80042273328
132 1.80042273328
133 0.0
134 0.0
135 0.0
136 0.0
137 0.0
138 0.0
139 0.0
140 0.0
141 0.0
142 0.0
143 0.0
144 0.0
145 3.60084546656
146 3.60084546656
147 1.80042273328
148 0.0
149 0.0
150 0.0
151 1.80042273328
152 0.0
153 0.0
154 0.0
155 0.0
156 0.0
157 0.0
158 0.0
159 0.0
160 1.80042273328
161 0.0
162 3.60084546656
163 0.0
164 0.0
165 0.0
166 0.0
167 0.0
168 0.0
169 0.0
170 1.80042273328
171 0.0
172 0.0
173 0.0
174 0.0
175 0.0
176 0.0
177 0.0
178 0.0
179 0.0
180 0.0
181 0.0
182 1.80042273328
183 1.80042273328
184 0.0
185 0.0
186 0.0
187 1.80042273328
188 0.0
189 0.0
190 0.0
191 0.0
192 0.0
193 0.0
194 0.0
195 0.0
196 0.0
197 1.80042273328
198 0.0
199 0.0
200 0.0
201 0.0
202 0.0
203 0.0
204 0.0
205 0.0
206 0.0
207 0.0
208 1.80042273328
209 0.0
210 0.0
211 0.0
212 0.0
213 0.0
214 0.0
215 0.0
216 0.0
217 0.0
218 0.0
219 0.0
220 0.0
221 0.0
222 0.0
223 0.0
224 0.0
225 0.0
226 0.0
227 0.0
228 0.0
229 1.80042273328
230 0.0
231 0.0
232 0.0
233 0.0
234 0.0
235 0.0
236 0.0
237 0.0
238 0.0
239 0.0
240 0.0
241 1.80042273328
242 1.80042273328
243 0.0
244 0.0
245 0.0
246 0.0
247 0.0
248 0.0
249 0.0
250 0.0
251 0.0
252 0.0
253 0.0
254 0.0
255 0.0
256 0.0
257 0.0
258 0.0
259 0.0
260 0.0
261 0.0
262 0.0
263 0.0
264 0.0
265 0.0
266 0.0
267 0.0
268 0.0
269 0.0
270 0.0
271 0.0
272 0.0
273 0.0
274 0.0
275 0.0
276 0.0
277 0.0
278 0.0
279 0.0
280 0.0
281 0.0
282 0.0
283 0.0
284 0.0
285 0.0
286 0.0
287 0.0
288 0.0
289 0.0
290 0.0
291 0.0
292 0.0
293 0.0
294 0.0
295 0.0
296 0.0
297 0.0
298 1.80042273328
299 0.0
