0 0.0
1 0.0
2 0.0
3 0.0
4 1.80042273328
5 0.0
6 0.0
7 1.80042273328
8 1.80042273328
9 1.80042273328
10 1.80042273328
11 0.0
12 0.0
13 0.0
14 0.0
15 0.0
16 1.80042273328
17 1.80042273328
18 1.80042273328
19 0.0
20 0.0
21 0.0
22 0.0
23 0.0
24 1.80042273328
25 0.0
26 3.60084546656
27 0.0
28 0.0
29 0.0
30 3.60084546656
31 3.60084546656
32 1.80042273328
33 0.0
34 0.0
35 0.0
36 5.40126819985
37 0.0
38 0.0
39 1.80042273328
40 1.80042273328
41 1.80042273328
42 0.0
43 1.80042273328
44 0.0
45 3.60084546656
46 3.60084546656
47 1.80042273328
48 0.0
49 0.0
50 1.80042273328
51 0.0
52 1.80042273328
53 3.60084546656
54 0.0
55 1.80042273328
56 0.0
57 0.0
58 3.60084546656
59 0.0
60 1.80042273328
61 1.80042273328
62 0.0
63 5.40126819985
64 9.00211366641
65 1.80042273328
66 0.0
67 3.60084546656
68 0.0
69 3.60084546656
70 0.0
71 3.60084546656
72 0.0
73 0.0
74 1.80042273328
75 0.0
76 0.0
77 1.80042273328
78 0.0
79 0.0
80 0.0
81 0.0
82 0.0
83 0.0
84 0.0
85 5.40126819985
86 1.80042273328
87 0.0
88 1.80042273328
89 0.0
90 1.80042273328
91 1.80042273328
92 5.40126819985
93 5.40126819985
94 0.0
95 1.80042273328
96 3.60084546656
97 0.0
98 0.0
99 1.80042273328
100 0.0
101 1.80042273328
102 0.0
103 3.60084546656
104 0.0
105 1.80042273328
106 0.0
107 3.60084546656
108 0.0
109 1.80042273328
110 1.80042273328
111 1.80042273328
112 5.40126819985
113 0.0
114 0.0
115 1.80042273328
116 3.60084546656
117 0.0
118 1.80042273328
119 0.0
120 1.80042273328
121 0.0
122 1.80042273328
123 1.80042273328
124 0.0
125 5.40126819985
126 3.60084546656
127 0.0
128 1.80042273328
129 0.0
130 0.0
131 3.60084546656
132 7.20169093313
133 0.0
134 3.60084546656
135 1.80042273328
136 0.0
137 3.60084546656
138 1.80042273328
139 1.80042273328
140 1.80042273328
141 0.0
142 0.0
143 1.80042273328
144 1.80042273328
145 3.60084546656
146 0.0
147 3.60084546656
148 3.60084546656
149 0.0
150 0.0
151 5.40126819985
152 3.60084546656
153 1.80042273328
154 1.80042273328
155 0.0
156 1.80042273328
157 0.0
158 3.60084546656
159 0.0
160 0.0
161 1.80042273328
162 3.60084546656
163 0.0
164 0.0
165 1.80042273328
166 1.80042273328
167 1.80042273328
168 1.80042273328
169 1.80042273328
170 1.80042273328
171 0.0
172 1.80042273328
173 0.0
174 0.0
175 0.0
176 1.80042273328
177 0.0
178 3.60084546656
179 0.0
180 0.0
181 0.0
182 1.80042273328
183 0.0
184 0.0
185 0.0
186 0.0
187 0.0
188 0.0
189 1.80042273328
190 0.0
191 0.0
192 0.0
193 0.0
194 0.0
195 0.0
196 3.60084546656
197 1.80042273328
198 0.0
199 0.0
200 0.0
201 1.80042273328
202 0.0
203 0.0
204 0.0
205 1.80042273328
206 0.0
207 0.0
208 0.0
209 0.0
210 0.0
211 0.0
212 0.0
213 0.0
214 0.0
215 0.0
216 0.0
217 0.0
218 0.0
219 0.0
220 0.0
221 1.80042273328
222 0.0
223 3.60084546656
224 0.0
225 0.0
226 0.0
227 0.0
228 0.0
229 0.0
230 0.0
231 1.80042273328
232 0.0
233 0.0
234 0.0
235 0.0
236 0.0
237 0.0
238 0.0
239 1.80042273328
240 0.0
241 0.0
242 1.80042273328
243 0.0
244 0.0
245 0.0
246 0.0
247 0.0
248 0.0
249 0.0
250 0.0
251 0.0
252 0.0
253 0.0
254 0.0
255 1.80042273328
256 0.0
257 0.0
258 0.0
259 0.0
260 1.80042273328
261 0.0
262 0.0
263 0.0
264 0.0
265 0.0
266 0.0
267 0.0
268 0.0
269 0.0
270 0.0
271 0.0
272 0.0
273 0.0
274 0.0
275 0.0
276 0.0
277 1.80042273328
278 0.0
279 0.0
280 0.0
281 0.0
282 0.0
283 0.0
284 0.0
285 0.0
286 0.0
287 0.0
288 0.0
289 0.0
290 0.0
291 0.0
292 0.0
293 0.0
294 0.0
295 0.0
296 0.0
297 0.0
298 0.0
299 0.0
