0 0.0
1 1.69851201253
2 0.0
3 0.0
4 0.0
5 0.0
6 0.0
7 0.0
8 0.0
9 0.0
10 1.69851201253
11 0.0
12 0.0
13 0.0
14 0.0
15 0.0
16 1.69851201253
17 1.69851201253
18 1.69851201253
19 0.0
20 0.0
21 0.0
22 1.69851201253
23 0.0
24 1.69851201253
25 0.0
26 1.69851201253
27 0.0
28 1.69851201253
29 0.0
30 3.39702402506
31 0.0
32 0.0
33 1.69851201253
34 5.09553603759
35 0.0
36 3.39702402506
37 0.0
38 1.69851201253
39 0.0
40 3.39702402506
41 1.69851201253
42 1.69851201253
43 3.39702402506
44 1.69851201253
45 1.69851201253
46 5.09553603759
47 1.69851201253
48 3.39702402506
49 1.69851201253
50 0.0
51 0.0
52 3.39702402506
53 3.39702402506
54 0.0
55 1.69851201253
56 3.39702402506
57 0.0
58 3.39702402506
59 0.0
60 1.69851201253
61 5.09553603759
62 0.0
63 1.69851201253
64 0.0
65 1.69851201253
66 1.69851201253
67 0.0
68 5.09553603759
69 0.0
70 3.39702402506
71 0.0
72 1.69851201253
73 5.09553603759
74 3.39702402506
75 0.0
76 1.69851201253
77 3.39702402506
78 1.69851201253
79 1.69851201253
80 3.39702402506
81 1.69851201253
82 1.69851201253
83 0.0
84 3.39702402506
85 0.0
86 1.69851201253
87 1.69851201253
88 0.0
89 0.0
90 1.69851201253
91 3.39702402506
92 1.69851201253
93 1.69851201253
94 3.39702402506
95 0.0
96 1.69851201253
97 0.0
98 0.0
99 0.0
100 3.39702402506
101 0.0
102 3.39702402506
103 1.69851201253
104 3.39702402506
105 1.69851201253
106 0.0
107 0.0
108 6.79404805012
109 0.0
110 5.09553603759
111 0.0
112 1.69851201253
113 3.39702402506
114 0.0
115 0.0
116 0.0
117 0.0
118 0.0
119 5.09553603759
120 0.0
121 0.0
122 3.39702402506
123 1.69851201253
124 1.69851201253
125 1.69851201253
126 0.0
127 1.69851201253
128 3.39702402506
129 0.0
130 3.39702402506
131 1.69851201253
132 1.69851201253
133 0.0
134 1.69851201253
135 1.69851201253
136 1.69851201253
137 3.39702402506
138 0.0
139 1.69851201253
140 1.69851201253
141 0.0
142 1.69851201253
143 0.0
144 3.39702402506
145 1.69851201253
146 0.0
147 1.69851201253
148 0.0
149 0.0
150 0.0
151 0.0
152 6.79404805012
153 0.0
154 0.0
155 0.0
156 1.69851201253
157 5.09553603759
158 0.0
159 0.0
160 1.69851201253
161 3.39702402506
162 1.69851201253
163 0.0
164 0.0
165 0.0
166 1.69851201253
167 0.0
168 0.0
169 0.0
170 0.0
171 1.69851201253
172 1.69851201253
173 0.0
174 1.69851201253
175 0.0
176 1.69851201253
177 0.0
178 0.0
179 0.0
180 0.0
181 0.0
182 0.0
183 0.0
184 0.0
185 1.69851201253
186 0.0
187 1.69851201253
188 1.69851201253
189 1.69851201253
190 0.0
191 0.0
192 0.0
193 0.0
194 0.0
195 0.0
196 1.69851201253
197 0.0
198 0.0
199 1.69851201253
200 0.0
201 0.0
202 0.0
203 0.0
204 1.69851201253
205 0.0
206 0.0
207 0.0
208 1.69851201253
209 0.0
210 0.0
211 0.0
212 0.0
213 0.0
214 0.0
215 1.69851201253
216 0.0
217 0.0
218 0.0
219 0.0
220 0.0
221 0.0
222 1.69851201253
223 1.69851201253
224 0.0
225 0.0
226 0.0
227 0.0
228 0.0
229 0.0
230 0.0
231 0.0
232 0.0
233 0.0
234 0.0
235 0.0
236 1.69851201253
237 0.0
238 0.0
239 0.0
240 0.0
241 0.0
242 0.0
243 0.0
244 0.0
245 1.69851201253
246 0.0
247 0.0
248 0.0
249 0.0
250 0.0
251 0.0
252 0.0
253 0.0
254 0.0
255 1.69851201253
256 0.0
257 0.0
258 0.0
259 0.0
260 0.0
261 0.0
262 1.69851201253
263 0.0
264 0.0
265 0.0
266 0.0
267 0.0
268 0.0
269 0.0
270 0.0
271 0.0
272 0.0
273 0.0
274 0.0
275 0.0
276 0.0
277 0.0
278 0.0
279 0.0
280 0.0
281 0.0
282 0.0
283 0.0
284 0.0
285 0.0
286 0.0
287 0.0
288 0.0
289 0.0
290 0.0
291 0.0
292 0.0
293 0.0
294 1.69851201253
295 0.0
296 0.0
297 0.0
298 0.0
299 0.0
