0 0.0
1 0.0
2 0.0
3 0.0
4 0.0
5 0.0
6 0.0
7 0.0
8 0.0
9 0.0
10 0.0
11 0.0
12 0.0
13 1.69851201253
14 0.0
15 0.0
16 0.0
17 0.0
18 0.0
19 0.0
20 1.69851201253
21 3.39702402506
22 0.0
23 1.69851201253
24 0.0
25 1.69851201253
26 0.0
27 1.69851201253
28 0.0
29 0.0
30 0.0
31 0.0
32 1.69851201253
33 0.0
34 0.0
35 5.09553603759
36 0.0
37 0.0
38 1.69851201253
39 1.69851201253
40 3.39702402506
41 0.0
42 1.69851201253
43 0.0
44 3.39702402506
45 0.0
46 0.0
47 1.69851201253
48 1.69851201253
49 1.69851201253
50 0.0
51 1.69851201253
52 1.69851201253
53 0.0
54 0.0
55 3.39702402506
56 1.69851201253
57 0.0
58 0.0
59 0.0
60 1.69851201253
61 1.69851201253
62 3.39702402506
63 0.0
64 0.0
65 1.69851201253
66 0.0
67 3.39702402506
68 0.0
69 0.0
70 0.0
71 0.0
72 1.69851201253
73 5.09553603759
74 1.69851201253
75 0.0
76 1.69851201253
77 0.0
78 0.0
79 0.0
80 1.69851201253
81 1.69851201253
82 1.69851201253
83 0.0
84 3.39702402506
85 5.09553603759
86 0.0
87 3.39702402506
88 0.0
89 0.0
90 5.09553603759
91 6.79404805012
92 0.0
93 0.0
94 5.09553603759
95 3.39702402506
96 3.39702402506
97 1.69851201253
98 3.39702402506
99 1.69851201253
100 3.39702402506
101 3.39702402506
102 1.69851201253
103 0.0
104 0.0
105 0.0
106 0.0
107 3.39702402506
108 3.39702402506
109 1.69851201253
110 1.69851201253
111 0.0
112 0.0
113 1.69851201253
114 0.0
115 0.0
116 3.39702402506
117 3.39702402506
118 0.0
119 3.39702402506
120 0.0
121 0.0
122 0.0
123 0.0
124 3.39702402506
125 3.39702402506
126 1.69851201253
127 0.0
128 3.39702402506
129 1.69851201253
130 3.39702402506
131 1.69851201253
132 0.0
133 0.0
134 1.69851201253
135 1.69851201253
136 1.69851201253
137 1.69851201253
138 0.0
139 0.0
140 3.39702402506
141 0.0
142 1.69851201253
143 0.0
144 1.69851201253
145 6.79404805012
146 0.0
147 0.0
148 1.69851201253
149 0.0
150 0.0
151 3.39702402506
152 1.69851201253
153 1.69851201253
154 5.09553603759
155 0.0
156 0.0
157 0.0
158 1.69851201253
159 3.39702402506
160 0.0
161 1.69851201253
162 0.0
163 1.69851201253
164 0.0
165 1.69851201253
166 0.0
167 0.0
168 1.69851201253
169 1.69851201253
170 0.0
171 0.0
172 1.69851201253
173 1.69851201253
174 1.69851201253
175 0.0
176 0.0
177 0.0
178 0.0
179 0.0
180 1.69851201253
181 0.0
182 3.39702402506
183 1.69851201253
184 0.0
185 1.69851201253
186 0.0
187 1.69851201253
188 1.69851201253
189 0.0
190 0.0
191 3.39702402506
192 0.0
193 1.69851201253
194 1.69851201253
195 1.69851201253
196 0.0
197 0.0
198 1.69851201253
199 0.0
200 1.69851201253
201 3.39702402506
202 0.0
203 0.0
204 0.0
205 0.0
206 0.0
207 0.0
208 0.0
209 0.0
210 0.0
211 0.0
212 0.0
213 0.0
214 0.0
215 0.0
216 0.0
217 0.0
218 0.0
219 3.39702402506
220 0.0
221 0.0
222 1.69851201253
223 0.0
224 0.0
225 0.0
226 0.0
227 0.0
228 0.0
229 0.0
230 0.0
231 1.69851201253
232 0.0
233 1.69851201253
234 0.0
235 0.0
236 0.0
237 0.0
238 0.0
239 0.0
240 1.69851201253
241 1.69851201253
242 0.0
243 0.0
244 0.0
245 0.0
246 0.0
247 0.0
248 0.0
249 0.0
250 0.0
251 0.0
252 0.0
253 0.0
254 0.0
255 0.0
256 1.69851201253
257 0.0
258 0.0
259 0.0
260 0.0
261 1.69851201253
262 0.0
263 0.0
264 0.0
265 1.69851201253
266 0.0
267 0.0
268 0.0
269 0.0
270 0.0
271 0.0
272 0.0
273 0.0
274 0.0
275 0.0
276 0.0
277 0.0
278 0.0
279 0.0
280 0.0
281 0.0
282 1.69851201253
283 0.0
284 0.0
285 0.0
286 0.0
287 0.0
288 0.0
289 1.69851201253
290 0.0
291 0.0
292 0.0
293 0.0
294 1.69851201253
295 0.0
296 0.0
297 0.0
298 0.0
299 0.0
