0 95.422404864
1 5.40126819985
2 3.60084546656
3 7.20169093313
4 1.80042273328
5 7.20169093313
6 9.00211366641
7 1.80042273328
8 3.60084546656
9 1.80042273328
10 1.80042273328
11 10.8025363997
12 7.20169093313
13 1.80042273328
14 5.40126819985
15 7.20169093313
16 1.80042273328
17 0.0
18 1.80042273328
19 0.0
20 1.80042273328
21 0.0
22 5.40126819985
23 1.80042273328
24 3.60084546656
25 3.60084546656
26 0.0
27 3.60084546656
28 5.40126819985
29 1.80042273328
30 7.20169093313
31 1.80042273328
32 3.60084546656
33 1.80042273328
34 1.80042273328
35 1.80042273328
36 0.0
37 1.80042273328
38 0.0
39 1.80042273328
40 1.80042273328
41 1.80042273328
42 1.80042273328
43 0.0
44 7.20169093313
45 3.60084546656
46 1.80042273328
47 0.0
48 1.80042273328
49 1.80042273328
50 5.40126819985
51 0.0
52 1.80042273328
53 1.80042273328
54 1.80042273328
55 0.0
56 1.80042273328
57 0.0
58 0.0
59 1.80042273328
60 3.60084546656
61 1.80042273328
62 0.0
63 3.60084546656
64 0.0
65 0.0
66 1.80042273328
67 1.80042273328
68 0.0
69 3.60084546656
70 1.80042273328
71 0.0
72 1.80042273328
73 0.0
74 0.0
75 0.0
76 0.0
77 1.80042273328
78 0.0
79 0.0
80 0.0
81 0.0
82 1.80042273328
83 0.0
84 0.0
85 0.0
86 0.0
87 0.0
88 0.0
89 0.0
90 0.0
91 0.0
92 0.0
93 0.0
94 0.0
95 0.0
96 0.0
97 0.0
98 1.80042273328
99 0.0
