0 0.0
1 0.0
2 0.0
3 0.0
4 0.0
5 0.0
6 1.80042273328
7 0.0
8 0.0
9 1.80042273328
10 1.80042273328
11 0.0
12 0.0
13 1.80042273328
14 0.0
15 5.40126819985
16 3.60084546656
17 0.0
18 0.0
19 3.60084546656
20 1.80042273328
21 1.80042273328
22 5.40126819985
23 0.0
24 10.8025363997
25 0.0
26 5.40126819985
27 1.80042273328
28 0.0
29 1.80042273328
30 0.0
31 0.0
32 0.0
33 0.0
34 0.0
35 0.0
36 1.80042273328
37 0.0
38 1.80042273328
39 0.0
40 0.0
41 7.20169093313
42 5.40126819985
43 0.0
44 3.60084546656
45 0.0
46 3.60084546656
47 3.60084546656
48 3.60084546656
49 0.0
50 1.80042273328
51 0.0
52 9.00211366641
53 3.60084546656
54 0.0
55 0.0
56 0.0
57 0.0
58 5.40126819985
59 0.0
60 0.0
61 5.40126819985
62 0.0
63 0.0
64 3.60084546656
65 0.0
66 1.80042273328
67 3.60084546656
68 1.80042273328
69 1.80042273328
70 9.00211366641
71 5.40126819985
72 1.80042273328
73 3.60084546656
74 1.80042273328
75 1.80042273328
76 0.0
77 3.60084546656
78 3.60084546656
79 1.80042273328
80 1.80042273328
81 1.80042273328
82 3.60084546656
83 3.60084546656
84 3.60084546656
85 0.0
86 1.80042273328
87 0.0
88 0.0
89 1.80042273328
90 1.80042273328
91 0.0
92 3.60084546656
93 3.60084546656
94 0.0
95 5.40126819985
96 3.60084546656
97 1.80042273328
98 0.0
99 0.0
100 0.0
101 1.80042273328
102 0.0
103 0.0
104 1.80042273328
105 1.80042273328
106 1.80042273328
107 1.80042273328
108 0.0
109 0.0
110 3.60084546656
111 1.80042273328
112 1.80042273328
113 0.0
114 0.0
115 0.0
116 0.0
117 0.0
118 3.60084546656
119 1.80042273328
120 0.0
121 5.40126819985
122 1.80042273328
123 0.0
124 3.60084546656
125 0.0
126 1.80042273328
127 0.0
128 1.80042273328
129 0.0
130 0.0
131 1.80042273328
132 0.0
133 1.80042273328
134 3.60084546656
135 0.0
136 0.0
137 1.80042273328
138 0.0
139 0.0
140 0.0
141 3.60084546656
142 0.0
143 0.0
144 1.80042273328
145 1.80042273328
146 0.0
147 0.0
148 1.80042273328
149 0.0
150 1.80042273328
151 0.0
152 3.60084546656
153 0.0
154 0.0
155 0.0
156 0.0
157 0.0
158 0.0
159 0.0
160 1.80042273328
161 1.80042273328
162 1.80042273328
163 1.80042273328
164 0.0
165 0.0
166 0.0
167 1.80042273328
168 0.0
169 0.0
170 3.60084546656
171 0.0
172 0.0
173 1.80042273328
174 0.0
175 0.0
176 0.0
177 0.0
178 0.0
179 0.0
180 0.0
181 0.0
182 1.80042273328
183 0.0
184 0.0
185 0.0
186 0.0
187 0.0
188 0.0
189 1.80042273328
190 0.0
191 1.80042273328
192 0.0
193 0.0
194 0.0
195 0.0
196 0.0
197 0.0
198 0.0
199 0.0
200 0.0
201 0.0
202 1.80042273328
203 0.0
204 3.60084546656
205 0.0
206 0.0
207 0.0
208 0.0
209 0.0
210 0.0
211 1.80042273328
212 0.0
213 0.0
214 0.0
215 0.0
216 0.0
217 0.0
218 0.0
219 0.0
220 0.0
221 0.0
222 0.0
223 0.0
224 0.0
225 0.0
226 1.80042273328
227 0.0
228 0.0
229 3.60084546656
230 1.80042273328
231 1.80042273328
232 0.0
233 0.0
234 0.0
235 0.0
236 0.0
237 0.0
238 0.0
239 1.80042273328
240 0.0
241 0.0
242 0.0
243 0.0
244 0.0
245 0.0
246 0.0
247 0.0
248 0.0
249 0.0
250 0.0
251 0.0
252 0.0
253 0.0
254 0.0
255 0.0
256 0.0
257 0.0
258 1.80042273328
259 0.0
260 0.0
261 0.0
262 0.0
263 0.0
264 0.0
265 0.0
266 0.0
267 0.0
268 0.0
269 0.0
270 0.0
271 0.0
272 0.0
273 0.0
274 0.0
275 0.0
276 0.0
277 0.0
278 0.0
279 0.0
280 0.0
281 0.0
282 0.0
283 0.0
284 0.0
285 0.0
286 0.0
287 0.0
288 0.0
289 0.0
290 0.0
291 0.0
292 0.0
293 0.0
294 0.0
295 0.0
296 0.0
297 0.0
298 0.0
299 0.0
