0 0.0
1 0.0
2 0.0
3 0.0
4 0.0
5 0.0
6 0.0
7 0.0
8 0.0
9 0.0
10 0.0
11 194.320594185
12 488.294158956
13 309.99380401
14 182.520952869
15 128.953647576
16 103.442492282
17 96.4406302064
18 62.4395773695
19 41.9624707608
20 46.614144913
21 31.6995666087
22 33.0901986847
23 29.8291566087
24 25.1774824565
25 27.0478924565
26 13.0441683043
27 19.1351762282
28 18.2243220761
29 20.5258083043
30 21.4366624565
31 14.9145783043
32 19.5662524565
33 13.09287
34 16.7849883043
35 5.13145207608
36 9.78312622825
37 14.4348003804
38 10.2629041522
39 13.5239462282
40 11.1737583043
41 5.13145207608
42 8.87227207608
43 8.39249415216
44 6.95316038041
45 6.52208415216
46 6.04230622825
47 8.39249415216
48 12.6130920761
49 10.6939803804
50 8.39249415216
51 16.3052103804
52 26.5681145326
53 13.5239462282
54 21.4366624565
55 30.7887124565
56 32.1306428369
57 25.6085586847
58 22.8272945326
59 22.3475166087
60 22.8272945326
61 37.7905745326
62 31.2197886847
63 31.650864913
64 24.2179266087
65 27.4789686847
66 17.2160645326
67 30.7887124565
68 30.2115311412
69 11.6048345326
70 41.9624707608
71 28.8696007608
72 35.391684913
73 36.3512407608
74 35.8714628369
75 47.0939228369
76 31.6995666087
77 41.4826928369
78 61.9597994456
79 53.5673052934
80 75.4837456738
81 63.8302094456
82 82.9166839781
83 108.525242663
84 119.796404359
85 133.702725119
86 175.66519588
87 235.803287021
88 339.530750445
89 495.393424423
90 155.041984185
91 0.0
92 0.0
93 0.0
94 0.0
95 0.0
96 0.0
97 0.0
98 0.0
99 0.0
