0 0.0
1 0.0
2 0.0
3 0.0
4 0.0
5 0.0
6 0.0
7 0.0
8 0.0
9 0.0
10 0.0
11 0.0
12 0.0
13 0.0
14 0.0
15 0.0
16 0.0
17 0.0
18 0.0
19 0.0
20 0.0
21 0.0
22 0.0
23 0.0
24 0.0
25 0.0
26 0.0
27 0.0
28 0.0
29 0.0
30 0.0
31 0.0
32 0.0
33 0.0
34 0.0
35 0.0
36 0.0
37 0.0
38 39.6122828369
39 63.8302094456
40 73.6620373695
41 57.3568269891
42 66.5140702064
43 79.6556419021
44 71.6942239781
45 62.3908756738
46 90.8781019021
47 77.7852319021
48 79.1758639781
49 96.4406302064
50 75.0526694456
51 93.1308864346
52 79.7043435977
53 75.9635235977
54 70.8320715216
55 92.6998102064
56 59.560909826
57 69.9212173695
58 93.228289826
59 84.3560177499
60 72.7511832173
61 76.394599826
62 72.7024815216
63 76.0122252934
64 84.7870939781
65 87.617059826
66 57.7392015216
67 81.0462739781
68 78.265009826
69 70.8320715216
70 46.0856652934
71 55.4377152934
72 64.3586890651
73 53.1362290651
74 51.7455969891
75 44.2152552934
76 58.7474590651
77 44.6950332173
78 54.095784913
79 55.966194913
80 49.8264852934
81 45.6545890651
82 52.6564511412
83 45.1748111412
84 28.3898228369
85 43.7354773695
86 47.5249990651
87 36.8310186847
88 39.0838032173
89 44.3126586847
90 37.262094913
91 47.5249990651
92 27.9587466087
93 31.6995666087
94 25.6572603804
95 24.6977045326
96 39.9946573695
97 22.8272945326
98 28.4385245326
99 26.9991907608
100 25.1774824565
101 25.6572603804
102 32.6104207608
103 39.6122828369
104 44.6950332173
105 23.7868503804
106 33.1389003804
107 27.5276703804
108 21.4366624565
109 12.5643903804
110 24.2179266087
111 27.4789686847
112 16.7849883043
113 24.6977045326
114 19.1351762282
115 26.5194128369
116 20.5258083043
117 18.2243220761
118 15.3943562282
119 17.2647662282
120 20.5258083043
121 24.6977045326
122 7.91271622825
123 15.8254324565
124 15.3943562282
125 18.1269186847
126 7.91271622825
127 18.1756203804
128 22.3475166087
129 14.4348003804
130 16.7849883043
131 9.78312622825
132 9.78312622825
133 11.6535362282
134 11.6535362282
135 9.30334830433
136 14.9145783043
137 11.6535362282
138 7.00186207608
139 7.91271622825
140 5.13145207608
141 3.74082
142 9.78312622825
143 6.52208415216
144 15.3943562282
145 11.6535362282
146 7.91271622825
147 18.1756203804
148 6.04230622825
149 12.5643903804
150 4.17189622825
151 7.91271622825
152 6.04230622825
153 5.61123
154 2.78126415216
155 10.2629041522
156 8.87227207608
157 8.39249415216
158 5.13145207608
159 5.13145207608
160 8.39249415216
161 6.04230622825
162 4.65167415216
163 5.13145207608
164 6.04230622825
165 9.78312622825
166 10.6939803804
167 2.78126415216
168 8.39249415216
169 1.87041
170 7.43293830433
171 4.17189622825
172 4.65167415216
173 5.56252830433
174 3.26104207608
175 6.04230622825
176 10.2629041522
177 1.39063207608
178 0.0
179 2.78126415216
180 1.87041
181 4.17189622825
182 3.26104207608
183 6.52208415216
184 3.26104207608
185 1.39063207608
186 1.87041
187 3.74082
188 2.78126415216
189 3.74082
190 2.78126415216
191 4.65167415216
192 5.13145207608
193 7.00186207608
194 5.61123
195 2.78126415216
196 0.0
197 5.13145207608
198 1.87041
199 1.87041
200 0.0
201 1.39063207608
202 3.26104207608
203 1.39063207608
204 6.52208415216
205 3.26104207608
206 1.39063207608
207 2.78126415216
208 3.74082
209 1.39063207608
210 0.0
211 0.0
212 2.78126415216
213 7.00186207608
214 4.65167415216
215 0.0
216 1.87041
217 2.78126415216
218 1.87041
219 0.0
220 0.0
221 1.87041
222 1.87041
223 0.0
224 3.74082
225 1.87041
226 0.0
227 1.39063207608
228 1.39063207608
229 1.39063207608
230 1.87041
231 0.0
232 0.0
233 0.0
234 0.0
235 0.0
236 0.0
237 1.39063207608
238 1.39063207608
239 0.0
240 1.87041
241 0.0
242 0.0
243 0.0
244 1.39063207608
245 5.13145207608
246 0.0
247 0.0
248 1.39063207608
249 0.0
250 3.26104207608
251 0.0
252 1.87041
253 1.87041
254 1.87041
255 0.0
256 0.0
257 3.26104207608
258 0.0
259 0.0
260 2.78126415216
261 0.0
262 3.26104207608
263 3.26104207608
264 1.39063207608
265 1.87041
266 3.74082
267 1.39063207608
268 3.26104207608
269 3.74082
270 0.0
271 1.39063207608
272 1.87041
273 3.74082
274 0.0
275 0.0
276 0.0
277 0.0
278 0.0
279 0.0
280 0.0
281 0.0
282 3.74082
283 0.0
284 1.39063207608
285 1.39063207608
286 0.0
287 3.74082
288 0.0
289 0.0
290 0.0
291 1.87041
292 0.0
293 0.0
294 0.0
295 0.0
296 0.0
297 1.39063207608
298 1.87041
299 0.0
