0 0.0
1 7.91271622825
2 11.1737583043
3 12.5643903804
4 8.39249415216
5 9.30334830433
6 11.6535362282
7 5.13145207608
8 15.3943562282
9 5.13145207608
10 8.82357038041
11 11.6535362282
12 6.04230622825
13 20.0947320761
14 7.00186207608
15 10.6939803804
16 15.3943562282
17 16.3539120761
18 12.5643903804
19 17.6958424565
20 12.1333141522
21 9.78312622825
22 12.0846124565
23 9.78312622825
24 13.5239462282
25 12.9954666087
26 11.6535362282
27 12.1333141522
28 10.2142024565
29 9.73442453257
30 4.65167415216
31 11.6535362282
32 8.39249415216
33 16.3052103804
34 8.34379245649
35 7.00186207608
36 19.5662524565
37 14.4348003804
38 11.6535362282
39 13.5239462282
40 19.5662524565
41 4.65167415216
42 18.1756203804
43 19.1351762282
44 20.5258083043
45 13.9550224565
46 10.6939803804
47 15.8254324565
48 16.3052103804
49 4.17189622825
50 14.9145783043
51 22.8759962282
52 23.3070724565
53 14.0037241522
54 20.5258083043
55 22.3962183043
56 10.2629041522
57 33.1389003804
58 10.6939803804
59 11.1737583043
60 16.7362866087
61 16.7362866087
62 19.6149541522
63 20.0460303804
64 18.1756203804
65 37.7418728369
66 34.9119069891
67 18.6553983043
68 34.4808307608
69 34.5295324565
70 30.3089345326
71 31.2197886847
72 28.4385245326
73 29.8291566087
74 42.3935469891
75 28.0074483043
76 33.5699766087
77 25.1287807608
78 41.0516166087
79 27.4789686847
80 39.1812066087
81 40.0920607608
82 38.6527269891
83 34.0010528369
84 29.8291566087
85 29.3006769891
86 44.2639569891
87 37.262094913
88 33.521274913
89 31.2197886847
90 36.8797203804
91 43.8328807608
92 42.8246232173
93 36.3512407608
94 51.2171173695
95 62.8706535977
96 47.4762973695
97 59.6583132173
98 54.5268611412
99 46.1830686847
100 41.9137690651
101 54.5268611412
102 64.3099873695
103 72.7024815216
104 49.8751869891
105 55.9174932173
106 50.7373394456
107 67.042549826
108 70.3522935977
109 92.6998102064
110 64.7410635977
111 65.7006194456
112 89.5361715216
113 73.1822594456
114 71.2631477499
115 80.6638994456
116 79.6556419021
117 103.824866815
118 69.8725156738
119 64.3099873695
120 101.954456815
121 68.0508073695
122 103.011416054
123 79.6069402064
124 95.5297760542
125 71.7429256738
126 87.9994343585
127 62.3908756738
128 49.8264852934
129 51.2658190651
130 50.7860411412
131 39.5635811412
132 48.0047769891
133 41.4339911412
134 46.614144913
135 23.7868503804
136 28.4385245326
137 22.3475166087
138 11.6535362282
139 17.6958424565
140 19.0864745326
141 17.7445441522
142 14.4348003804
143 11.6535362282
144 1.39063207608
145 14.9145783043
146 16.7849883043
147 7.00186207608
148 12.6130920761
149 19.9973286847
150 10.7426820761
151 12.1333141522
152 14.0037241522
153 7.00186207608
154 4.65167415216
155 1.87041
156 8.39249415216
157 4.17189622825
158 1.39063207608
159 0.0
160 1.87041
161 5.13145207608
162 1.39063207608
163 1.87041
164 3.26104207608
165 3.74082
166 3.74082
167 0.0
168 5.61123
169 3.26104207608
170 0.0
171 1.87041
172 5.61123
173 3.74082
174 0.0
175 0.0
176 6.04230622825
177 1.87041
178 0.0
179 0.0
180 1.39063207608
181 0.0
182 1.39063207608
183 0.0
184 0.0
185 0.0
186 0.0
187 1.39063207608
188 1.39063207608
189 4.65167415216
190 1.39063207608
191 2.78126415216
192 0.0
193 0.0
194 2.78126415216
195 1.87041
196 1.39063207608
197 1.87041
198 0.0
199 0.0
200 0.0
201 1.87041
202 0.0
203 1.39063207608
204 1.87041
205 1.87041
206 0.0
207 1.39063207608
208 0.0
209 0.0
210 2.78126415216
211 1.39063207608
212 0.0
213 1.87041
214 1.39063207608
215 0.0
216 0.0
217 1.87041
218 0.0
219 1.87041
220 0.0
221 0.0
222 0.0
223 0.0
224 0.0
225 3.26104207608
226 1.87041
227 0.0
228 0.0
229 0.0
230 0.0
231 0.0
232 1.87041
233 0.0
234 0.0
235 1.87041
236 0.0
237 0.0
238 0.0
239 1.87041
240 0.0
241 1.87041
242 0.0
243 0.0
244 1.39063207608
245 0.0
246 0.0
247 0.0
248 1.87041
249 0.0
250 0.0
251 0.0
252 0.0
253 0.0
254 0.0
255 0.0
256 0.0
257 0.0
258 0.0
259 0.0
260 0.0
261 0.0
262 0.0
263 0.0
264 0.0
265 0.0
266 0.0
267 1.39063207608
268 0.0
269 0.0
270 0.0
271 0.0
272 0.0
273 0.0
274 0.0
275 0.0
276 0.0
277 0.0
278 0.0
279 0.0
280 0.0
281 0.0
282 0.0
283 0.0
284 0.0
285 2.78126415216
286 0.0
287 0.0
288 0.0
289 0.0
290 0.0
291 0.0
292 1.87041
293 0.0
294 0.0
295 0.0
296 0.0
297 0.0
298 0.0
299 0.0
