0 0.0
1 0.0
2 4.65167415216
3 5.13145207608
4 3.74082
5 5.13145207608
6 3.74082
7 8.39249415216
8 15.8741341522
9 10.7426820761
10 13.9550224565
11 14.4348003804
12 12.1333141522
13 25.6085586847
14 18.6066966087
15 27.5276703804
16 17.6958424565
17 20.4771066087
18 34.0010528369
19 34.4808307608
20 33.5699766087
21 12.5643903804
22 46.5654432173
23 33.0901986847
24 39.1812066087
25 41.002914913
26 34.4808307608
27 47.0939228369
28 60.0893894456
29 38.7014286847
30 53.5673052934
31 39.6122828369
32 59.1785352934
33 58.6500556738
34 54.095784913
35 56.9257507608
36 61.5287232173
37 69.9212173695
38 46.5167415216
39 48.4358532173
40 79.1758639781
41 61.9597994456
42 62.8706535977
43 61.4800215216
44 55.8687915216
45 40.0433590651
46 45.6058873695
47 61.0976469891
48 51.6968952934
49 66.5627719021
50 53.6160069891
51 61.4800215216
52 76.9230794456
53 83.4451635977
54 81.0462739781
55 71.7429256738
56 65.7006194456
57 75.5324473695
58 67.1399532173
59 54.9579373695
60 58.6987573695
61 60.5204656738
62 67.0912515216
63 59.2272369891
64 68.9616615216
65 76.394599826
66 76.9230794456
67 46.9965194456
68 67.5710294456
69 41.9624707608
70 29.8291566087
71 69.4901411412
72 66.6601752934
73 37.7905745326
74 58.7474590651
75 45.1261094456
76 46.1343669891
77 40.9542132173
78 40.9542132173
79 45.6545890651
80 44.3126586847
81 48.9643328369
82 54.5755628369
83 38.1729490651
84 32.6104207608
85 34.4321290651
86 30.2602328369
87 38.2216507608
88 31.650864913
89 32.6104207608
90 29.3493786847
91 24.6490028369
92 20.4771066087
93 25.6572603804
94 32.1306428369
95 27.9587466087
96 24.2179266087
97 37.262094913
98 15.7767307608
99 25.1287807608
100 13.9550224565
101 23.3070724565
102 11.6535362282
103 13.9550224565
104 13.0441683043
105 16.3052103804
106 19.5662524565
107 12.1333141522
108 14.0037241522
109 9.78312622825
110 6.04230622825
111 10.6939803804
112 13.0441683043
113 13.0441683043
114 20.0460303804
115 12.0846124565
116 7.91271622825
117 8.87227207608
118 4.65167415216
119 13.0441683043
120 12.6130920761
121 10.7426820761
122 8.87227207608
123 3.74082
124 7.00186207608
125 17.6958424565
126 10.6939803804
127 9.30334830433
128 14.9145783043
129 9.78312622825
130 6.52208415216
131 7.48164
132 6.04230622825
133 4.17189622825
134 12.1333141522
135 7.00186207608
136 0.0
137 1.39063207608
138 4.17189622825
139 8.87227207608
140 0.0
141 3.26104207608
142 2.78126415216
143 3.74082
144 5.13145207608
145 4.17189622825
146 7.91271622825
147 12.1333141522
148 5.13145207608
149 6.04230622825
150 8.39249415216
151 3.26104207608
152 3.26104207608
153 0.0
154 1.39063207608
155 2.78126415216
156 10.2629041522
157 1.87041
158 3.26104207608
159 0.0
160 5.61123
161 1.39063207608
162 1.87041
163 6.52208415216
164 7.00186207608
165 7.00186207608
166 3.74082
167 3.26104207608
168 1.87041
169 4.65167415216
170 1.39063207608
171 1.87041
172 3.26104207608
173 3.26104207608
174 0.0
175 0.0
176 1.39063207608
177 0.0
178 2.78126415216
179 3.74082
180 3.74082
181 4.65167415216
182 5.13145207608
183 0.0
184 5.61123
185 0.0
186 1.87041
187 2.78126415216
188 5.13145207608
189 0.0
190 1.87041
191 0.0
192 5.13145207608
193 0.0
194 0.0
195 4.65167415216
196 1.87041
197 1.87041
198 3.26104207608
199 1.39063207608
200 1.87041
201 1.39063207608
202 1.87041
203 0.0
204 1.87041
205 1.87041
206 1.39063207608
207 0.0
208 0.0
209 1.87041
210 0.0
211 0.0
212 0.0
213 0.0
214 3.26104207608
215 1.87041
216 1.87041
217 3.26104207608
218 3.26104207608
219 5.61123
220 1.87041
221 5.13145207608
222 0.0
223 1.39063207608
224 2.78126415216
225 0.0
226 1.39063207608
227 0.0
228 0.0
229 0.0
230 1.39063207608
231 3.26104207608
232 1.39063207608
233 4.65167415216
234 1.39063207608
235 0.0
236 1.87041
237 0.0
238 1.87041
239 0.0
240 1.87041
241 0.0
242 3.26104207608
243 0.0
244 0.0
245 1.39063207608
246 0.0
247 1.87041
248 1.87041
249 0.0
250 0.0
251 0.0
252 0.0
253 0.0
254 0.0
255 1.39063207608
256 1.87041
257 0.0
258 0.0
259 0.0
260 1.87041
261 1.39063207608
262 0.0
263 1.87041
264 0.0
265 1.39063207608
266 0.0
267 1.87041
268 0.0
269 0.0
270 0.0
271 0.0
272 0.0
273 0.0
274 3.74082
275 0.0
276 0.0
277 0.0
278 1.87041
279 0.0
280 0.0
281 3.26104207608
282 0.0
283 0.0
284 0.0
285 0.0
286 1.87041
287 1.39063207608
288 0.0
289 1.39063207608
290 0.0
291 0.0
292 0.0
293 0.0
294 0.0
295 0.0
296 0.0
297 0.0
298 0.0
299 0.0
