0 0.0
1 0.0
2 6.04230622825
3 1.39063207608
4 0.0
5 4.65167415216
6 13.0441683043
7 7.91271622825
8 11.6535362282
9 11.1737583043
10 7.00186207608
11 12.0846124565
12 8.82357038041
13 15.8254324565
14 15.3943562282
15 5.56252830433
16 28.9183024565
17 27.5276703804
18 23.7868503804
19 22.3962183043
20 16.7849883043
21 16.7362866087
22 31.6995666087
23 13.9550224565
24 29.3493786847
25 27.5276703804
26 14.4348003804
27 32.0819411412
28 25.1287807608
29 29.8291566087
30 36.8310186847
31 41.9137690651
32 36.3512407608
33 43.7354773695
34 40.0433590651
35 35.391684913
36 35.4403866087
37 44.743734913
38 35.8714628369
39 38.2216507608
40 38.1729490651
41 28.8696007608
42 55.966194913
43 34.9606086847
44 25.1774824565
45 34.4808307608
46 41.9137690651
47 44.743734913
48 29.8291566087
49 48.0047769891
50 45.2235128369
51 41.002914913
52 22.8272945326
53 46.1343669891
54 38.6527269891
55 46.1343669891
56 49.8264852934
57 36.3512407608
58 25.6085586847
59 39.0838032173
60 40.5718386847
61 41.9137690651
62 34.0010528369
63 33.0414969891
64 38.6527269891
65 48.4358532173
66 40.9542132173
67 30.7400107608
68 41.4339911412
69 41.5313945326
70 22.3475166087
71 44.3126586847
72 45.6058873695
73 40.5231369891
74 29.3493786847
75 32.6591224565
76 35.391684913
77 34.9606086847
78 38.2216507608
79 25.2261841522
80 38.2703524565
81 38.7014286847
82 28.3898228369
83 34.9606086847
84 32.6104207608
85 30.3089345326
86 32.1793445326
87 40.5231369891
88 26.5681145326
89 34.4321290651
90 24.6490028369
91 39.6609845326
92 26.0883366087
93 20.0460303804
94 27.9587466087
95 20.4771066087
96 34.0010528369
97 29.8291566087
98 30.3089345326
99 21.3879607608
100 28.9183024565
101 26.9991907608
102 26.0883366087
103 23.3070724565
104 17.2647662282
105 26.9991907608
106 34.9119069891
107 17.6958424565
108 35.8714628369
109 22.3962183043
110 23.7381486847
111 23.2583707608
112 14.4835020761
113 20.9568845326
114 27.910044913
115 22.3962183043
116 21.4366624565
117 15.8254324565
118 23.7868503804
119 27.4789686847
120 10.2142024565
121 20.0460303804
122 23.7868503804
123 18.1756203804
124 22.3475166087
125 22.8272945326
126 15.3456545326
127 19.5662524565
128 22.3475166087
129 21.9164403804
130 20.5258083043
131 25.6085586847
132 17.6958424565
133 10.2629041522
134 23.7868503804
135 15.3456545326
136 24.7464062282
137 15.8741341522
138 18.1756203804
139 14.4835020761
140 14.9145783043
141 11.1737583043
142 11.6535362282
143 16.7849883043
144 10.2142024565
145 9.78312622825
146 23.7868503804
147 19.0864745326
148 19.5662524565
149 22.3962183043
150 4.65167415216
151 13.9550224565
152 11.1737583043
153 3.26104207608
154 11.6535362282
155 13.4752445326
156 14.4348003804
157 9.78312622825
158 14.8658766087
159 12.1333141522
160 14.9145783043
161 9.30334830433
162 12.5643903804
163 13.5239462282
164 19.1351762282
165 13.5239462282
166 12.1333141522
167 9.78312622825
168 12.6130920761
169 14.9145783043
170 10.2629041522
171 10.6939803804
172 13.5239462282
173 8.39249415216
174 10.2629041522
175 2.78126415216
176 1.39063207608
177 5.13145207608
178 7.91271622825
179 8.39249415216
180 11.6535362282
181 5.56252830433
182 8.87227207608
183 12.1333141522
184 1.39063207608
185 2.78126415216
186 9.30334830433
187 7.91271622825
188 4.65167415216
189 4.65167415216
190 8.87227207608
191 14.4348003804
192 7.00186207608
193 3.74082
194 4.17189622825
195 6.52208415216
196 6.04230622825
197 8.87227207608
198 7.91271622825
199 6.52208415216
200 6.52208415216
201 6.52208415216
202 5.56252830433
203 4.65167415216
204 6.52208415216
205 6.52208415216
206 3.74082
207 13.5239462282
208 6.52208415216
209 5.13145207608
210 6.04230622825
211 5.61123
212 9.35205
213 5.13145207608
214 1.87041
215 8.39249415216
216 2.78126415216
217 3.26104207608
218 3.74082
219 1.87041
220 1.87041
221 3.74082
222 1.39063207608
223 0.0
224 4.17189622825
225 0.0
226 5.13145207608
227 1.39063207608
228 2.78126415216
229 5.61123
230 6.04230622825
231 7.43293830433
232 2.78126415216
233 4.65167415216
234 4.65167415216
235 10.2629041522
236 0.0
237 1.39063207608
238 6.52208415216
239 3.26104207608
240 5.13145207608
241 5.13145207608
242 8.39249415216
243 7.00186207608
244 0.0
245 0.0
246 0.0
247 4.65167415216
248 0.0
249 6.52208415216
250 7.91271622825
251 3.74082
252 5.13145207608
253 0.0
254 0.0
255 1.39063207608
256 0.0
257 4.65167415216
258 2.78126415216
259 8.39249415216
260 1.39063207608
261 0.0
262 3.74082
263 0.0
264 0.0
265 3.26104207608
266 3.26104207608
267 1.87041
268 3.26104207608
269 1.87041
270 1.39063207608
271 1.87041
272 1.39063207608
273 0.0
274 0.0
275 1.87041
276 3.26104207608
277 1.87041
278 3.74082
279 1.87041
280 6.52208415216
281 1.39063207608
282 0.0
283 3.74082
284 0.0
285 1.39063207608
286 2.78126415216
287 1.87041
288 1.39063207608
289 5.61123
290 3.26104207608
291 0.0
292 0.0
293 4.65167415216
294 9.30334830433
295 1.39063207608
296 1.39063207608
297 5.61123
298 5.61123
299 3.74082
