0 0.0
1 0.0
2 0.0
3 3.74082
4 5.13145207608
5 7.00186207608
6 5.61123
7 9.78312622825
8 6.95316038041
9 11.1737583043
10 13.09287
11 14.4348003804
12 14.9145783043
13 8.87227207608
14 12.0846124565
15 19.5662524565
16 26.6168162282
17 18.6553983043
18 24.6977045326
19 28.0074483043
20 26.0883366087
21 26.5681145326
22 16.3052103804
23 25.6572603804
24 22.3962183043
25 37.6444694456
26 24.6977045326
27 29.3006769891
28 33.5699766087
29 16.3052103804
30 37.7905745326
31 28.8696007608
32 32.6104207608
33 35.8227611412
34 35.4403866087
35 33.521274913
36 40.0920607608
37 33.9523511412
38 40.5231369891
39 42.4422486847
40 47.5249990651
41 38.6040252934
42 35.8227611412
43 41.4826928369
44 33.0901986847
45 34.0497545326
46 48.0534786847
47 35.9201645326
48 56.4459728369
49 31.2197886847
50 45.6545890651
51 41.9137690651
52 38.1729490651
53 40.5231369891
54 45.6058873695
55 37.262094913
56 31.6995666087
57 34.0497545326
58 22.8272945326
59 34.0497545326
60 22.7785928369
61 43.3044011412
62 31.6995666087
63 41.002914913
64 31.2197886847
65 44.7924366087
66 38.1729490651
67 40.0920607608
68 35.4403866087
69 37.7418728369
70 28.3898228369
71 37.6931711412
72 36.3025390651
73 31.650864913
74 30.2602328369
75 47.0939228369
76 30.7887124565
77 34.0010528369
78 35.391684913
79 32.6104207608
80 31.2197886847
81 45.2235128369
82 27.4789686847
83 38.6527269891
84 33.0901986847
85 46.614144913
86 27.4789686847
87 23.3070724565
88 26.0883366087
89 34.4808307608
90 26.0883366087
91 33.0414969891
92 17.6958424565
93 34.4808307608
94 27.5276703804
95 20.5258083043
96 31.6995666087
97 24.6003011412
98 29.3493786847
99 31.2684903804
100 26.9991907608
101 20.4771066087
102 14.4348003804
103 20.0460303804
104 24.2179266087
105 30.2602328369
106 28.9183024565
107 26.0883366087
108 27.4789686847
109 13.9550224565
110 20.5258083043
111 20.4771066087
112 39.6122828369
113 28.8696007608
114 34.9119069891
115 18.1756203804
116 14.9145783043
117 29.780454913
118 29.3493786847
119 15.8254324565
120 30.7400107608
121 29.3493786847
122 16.3052103804
123 24.6977045326
124 18.6066966087
125 17.2647662282
126 14.4348003804
127 20.4771066087
128 16.7849883043
129 10.2629041522
130 20.4771066087
131 8.39249415216
132 22.8272945326
133 15.3943562282
134 14.9145783043
135 15.3456545326
136 18.6553983043
137 24.6977045326
138 28.9183024565
139 10.7426820761
140 19.0864745326
141 18.6066966087
142 10.2629041522
143 22.8272945326
144 11.6535362282
145 8.39249415216
146 11.1737583043
147 11.6535362282
148 17.6958424565
149 11.6535362282
150 21.8677386847
151 9.78312622825
152 12.0846124565
153 9.30334830433
154 25.6085586847
155 7.91271622825
156 7.43293830433
157 13.0441683043
158 15.3943562282
159 11.6535362282
160 13.4752445326
161 12.1333141522
162 9.78312622825
163 14.3860986847
164 12.5643903804
165 10.7426820761
166 9.78312622825
167 10.2142024565
168 6.52208415216
169 12.1333141522
170 10.2629041522
171 19.1351762282
172 5.13145207608
173 9.30334830433
174 12.0846124565
175 1.39063207608
176 11.22246
177 6.52208415216
178 4.65167415216
179 13.9550224565
180 8.87227207608
181 8.87227207608
182 7.00186207608
183 10.6939803804
184 3.26104207608
185 4.65167415216
186 3.26104207608
187 5.13145207608
188 15.3456545326
189 10.2629041522
190 3.74082
191 15.8741341522
192 10.6939803804
193 10.2629041522
194 4.17189622825
195 8.39249415216
196 6.52208415216
197 8.87227207608
198 13.5239462282
199 5.13145207608
200 3.26104207608
201 12.1333141522
202 1.39063207608
203 6.52208415216
204 3.74082
205 3.74082
206 1.87041
207 1.87041
208 6.52208415216
209 1.87041
210 10.2629041522
211 6.04230622825
212 6.52208415216
213 7.91271622825
214 5.61123
215 12.1333141522
216 5.13145207608
217 0.0
218 7.00186207608
219 9.78312622825
220 6.52208415216
221 0.0
222 7.43293830433
223 5.13145207608
224 0.0
225 5.13145207608
226 5.13145207608
227 10.2629041522
228 3.26104207608
229 6.52208415216
230 5.13145207608
231 3.74082
232 0.0
233 5.13145207608
234 1.39063207608
235 3.74082
236 3.26104207608
237 3.74082
238 1.87041
239 3.74082
240 5.61123
241 3.26104207608
242 2.78126415216
243 1.87041
244 1.87041
245 1.39063207608
246 6.04230622825
247 3.26104207608
248 1.39063207608
249 1.87041
250 1.87041
251 0.0
252 1.39063207608
253 3.26104207608
254 1.87041
255 1.39063207608
256 0.0
257 3.74082
258 1.87041
259 0.0
260 0.0
261 0.0
262 1.87041
263 5.13145207608
264 5.13145207608
265 7.48164
266 5.61123
267 1.39063207608
268 1.39063207608
269 3.74082
270 0.0
271 1.87041
272 2.78126415216
273 4.65167415216
274 7.00186207608
275 0.0
276 8.39249415216
277 1.87041
278 3.26104207608
279 1.87041
280 3.74082
281 3.26104207608
282 1.87041
283 1.87041
284 3.26104207608
285 3.26104207608
286 0.0
287 5.13145207608
288 1.87041
289 4.65167415216
290 3.26104207608
291 1.39063207608
292 2.78126415216
293 0.0
294 2.78126415216
295 1.87041
296 3.26104207608
297 0.0
298 3.74082
299 0.0
