0 0.0
1 0.0
2 0.0
3 0.0
4 0.0
5 0.0
6 0.0
7 0.0
8 0.0
9 0.0
10 0.0
11 538.892632347
12 1469.10307479
13 880.245091097
14 536.827415564
15 380.053887434
16 280.498320239
17 227.313389478
18 201.85093588
19 158.928909272
20 126.318488511
21 85.746649826
22 91.7889560542
23 83.3964619021
24 85.3155735977
25 68.0021056738
26 52.6564511412
27 52.7051528369
28 46.6628466087
29 48.9643328369
30 42.873324913
31 45.7032907608
32 45.2235128369
33 30.3089345326
34 34.0497545326
35 26.0883366087
36 27.4789686847
37 37.3107966087
38 18.6553983043
39 40.5718386847
40 30.2602328369
41 17.6958424565
42 18.1756203804
43 25.6085586847
44 30.7400107608
45 26.5681145326
46 23.7381486847
47 33.5699766087
48 26.6168162282
49 27.910044913
50 35.8714628369
51 40.0920607608
52 76.9230794456
53 53.1362290651
54 80.6638994456
55 67.1399532173
56 83.3964619021
57 68.4818835977
58 79.6069402064
59 72.653779826
60 73.1822594456
61 82.0545315216
62 89.5361715216
63 90.3983239781
64 95.4810743585
65 91.7889560542
66 87.617059826
67 79.2245656738
68 106.654832663
69 76.8743777499
70 105.410305674
71 95.5297760542
72 82.005829826
73 121.715516054
74 118.357070587
75 123.488522663
76 107.134610587
77 143.485851348
78 148.1375255
79 149.145783043
80 208.275616641
81 240.886037402
82 252.970649858
83 275.318166467
84 327.161166847
85 390.031820445
86 524.742803108
87 665.398688608
88 988.387959227
89 1436.35378798
90 489.156311412
91 0.0
92 0.0
93 0.0
94 0.0
95 0.0
96 0.0
97 0.0
98 0.0
99 0.0
