0 0.0
1 0.0
2 0.0
3 0.0
4 0.0
5 0.0
6 0.0
7 0.0
8 0.0
9 0.0
10 0.0
11 0.0
12 0.0
13 0.0
14 0.0
15 0.0
16 0.0
17 0.0
18 0.0
19 0.0
20 0.0
21 0.0
22 0.0
23 0.0
24 0.0
25 0.0
26 0.0
27 0.0
28 0.0
29 0.0
30 0.0
31 0.0
32 0.0
33 0.0
34 0.0
35 0.0
36 0.0
37 0.0
38 108.094166435
39 199.883122489
40 208.275616641
41 220.506334185
42 210.528401174
43 269.853041554
44 227.362091174
45 204.583498337
46 237.673697021
47 203.770047576
48 260.403588163
49 222.759118717
50 199.452046261
51 264.957858923
52 209.617547021
53 245.204038717
54 218.010041174
55 236.283064945
56 184.773737402
57 219.449374945
58 222.759118717
59 236.23436325
60 205.494352489
61 219.018298717
62 223.621271174
63 226.16626588
64 214.317922869
65 205.494352489
66 184.391362869
67 195.808629652
68 205.494352489
69 186.985059272
70 180.747946261
71 172.404153804
72 179.9344955
73 161.661471728
74 154.757013043
75 150.918789652
76 154.131130032
77 163.052103804
78 142.192622663
79 144.542810587
80 152.789199652
81 151.398567576
82 140.322212663
83 135.142058891
84 111.737583043
85 136.004211348
86 123.919598891
87 117.925994359
88 99.7016722825
89 106.369861522
90 96.0095539781
91 121.715516054
92 111.452611902
93 93.7080677499
94 88.6253173695
95 85.746649826
96 86.991176815
97 91.7889560542
98 116.055584359
99 90.3496222825
100 82.0545315216
101 74.0931135977
102 74.0931135977
103 98.3110402064
104 79.6556419021
105 68.0508073695
106 78.7934894456
107 79.2732673695
108 60.5691673695
109 75.5324473695
110 56.8770490651
111 55.4377152934
112 49.8751869891
113 73.5159322825
114 50.354964913
115 55.3890135977
116 47.5737007608
117 49.4441107608
118 55.966194913
119 41.4826928369
120 48.9643328369
121 68.5305852934
122 50.354964913
123 46.1343669891
124 28.4385245326
125 38.6040252934
126 34.4808307608
127 67.5223277499
128 52.225374913
129 37.7418728369
130 47.0939228369
131 40.0920607608
132 39.132504913
133 42.4422486847
134 28.3898228369
135 31.2197886847
136 31.650864913
137 44.3126586847
138 27.9587466087
139 32.1306428369
140 30.7887124565
141 29.3980803804
142 29.3493786847
143 32.6104207608
144 40.5231369891
145 26.0883366087
146 37.7418728369
147 31.6995666087
148 20.4771066087
149 33.0901986847
150 26.9991907608
151 32.1306428369
152 18.6553983043
153 19.6149541522
154 18.6553983043
155 20.0460303804
156 24.6977045326
157 30.3089345326
158 13.0441683043
159 17.2647662282
160 25.1774824565
161 11.1737583043
162 7.91271622825
163 22.8759962282
164 15.3456545326
165 20.5258083043
166 22.8272945326
167 18.6066966087
168 22.3962183043
169 12.6130920761
170 10.6939803804
171 16.3052103804
172 13.5239462282
173 15.3456545326
174 17.6958424565
175 17.6958424565
176 19.5662524565
177 13.5239462282
178 6.95316038041
179 12.1333141522
180 12.5643903804
181 6.52208415216
182 6.52208415216
183 14.4348003804
184 10.7426820761
185 7.91271622825
186 9.78312622825
187 10.7426820761
188 10.6939803804
189 12.1333141522
190 14.4348003804
191 14.9145783043
192 7.00186207608
193 19.5662524565
194 17.2647662282
195 9.30334830433
196 14.9145783043
197 8.39249415216
198 6.52208415216
199 13.0441683043
200 9.78312622825
201 5.13145207608
202 8.87227207608
203 13.0441683043
204 11.1737583043
205 14.9145783043
206 2.78126415216
207 6.52208415216
208 17.2647662282
209 4.65167415216
210 3.26104207608
211 7.00186207608
212 4.65167415216
213 11.6535362282
214 13.0441683043
215 8.87227207608
216 5.13145207608
217 4.17189622825
218 7.00186207608
219 6.95316038041
220 1.39063207608
221 11.6535362282
222 4.65167415216
223 7.48164
224 7.48164
225 7.00186207608
226 3.74082
227 4.65167415216
228 2.78126415216
229 2.78126415216
230 7.00186207608
231 1.87041
232 1.87041
233 4.17189622825
234 10.6939803804
235 2.78126415216
236 5.13145207608
237 4.65167415216
238 2.78126415216
239 1.39063207608
240 7.00186207608
241 1.87041
242 5.13145207608
243 1.87041
244 1.87041
245 6.52208415216
246 2.78126415216
247 6.04230622825
248 3.26104207608
249 7.48164
250 5.13145207608
251 7.48164
252 1.87041
253 1.87041
254 3.74082
255 5.61123
256 0.0
257 12.1333141522
258 1.87041
259 1.87041
260 4.17189622825
261 0.0
262 4.65167415216
263 7.00186207608
264 6.04230622825
265 0.0
266 3.74082
267 8.39249415216
268 5.13145207608
269 5.61123
270 3.26104207608
271 6.04230622825
272 1.39063207608
273 3.74082
274 1.87041
275 1.87041
276 1.39063207608
277 1.39063207608
278 1.39063207608
279 1.87041
280 0.0
281 1.39063207608
282 1.87041
283 2.78126415216
284 5.13145207608
285 1.39063207608
286 1.87041
287 3.26104207608
288 1.39063207608
289 1.39063207608
290 0.0
291 3.74082
292 4.17189622825
293 3.26104207608
294 1.87041
295 0.0
296 0.0
297 1.39063207608
298 1.87041
299 0.0
