0 0.0
1 34.0497545326
2 39.132504913
3 29.3493786847
4 30.7400107608
5 34.4808307608
6 35.4403866087
7 25.1287807608
8 20.9568845326
9 23.3070724565
10 20.0460303804
11 24.2179266087
12 27.910044913
13 44.7924366087
14 28.9670041522
15 43.3044011412
16 42.3935469891
17 41.9624707608
18 36.3512407608
19 38.6527269891
20 32.1793445326
21 33.0901986847
22 26.5194128369
23 26.5194128369
24 30.7887124565
25 31.650864913
26 17.7445441522
27 35.391684913
28 26.039634913
29 32.6104207608
30 28.4385245326
31 31.6995666087
32 28.9183024565
33 39.1812066087
34 26.0883366087
35 34.9606086847
36 41.4826928369
37 34.0010528369
38 34.9606086847
39 50.7860411412
40 42.9220266087
41 38.1729490651
42 46.5654432173
43 50.8347428369
44 58.2676811412
45 43.3044011412
46 27.910044913
47 40.5718386847
48 49.8264852934
49 37.3107966087
50 56.3972711412
51 42.3935469891
52 68.5305852934
53 45.1748111412
54 51.7455969891
55 69.0103632173
56 62.4882790651
57 77.9313369891
58 57.7879032173
59 41.9137690651
60 68.4818835977
61 61.0489452934
62 64.8384669891
63 57.3081252934
64 53.0875273695
65 83.4451635977
66 69.8238139781
67 49.8751869891
68 105.743978511
69 82.5343094456
70 77.8339335977
71 91.8376577499
72 82.005829826
73 77.3541556738
74 100.709929826
75 89.1050952934
76 77.3054539781
77 85.6979481303
78 99.7503739781
79 93.228289826
80 105.743978511
81 106.27245813
82 105.792680206
83 96.9204081303
84 111.403910206
85 109.436096815
86 126.221085119
87 116.486660587
88 106.703534359
89 136.052913043
90 138.020726435
91 139.842434739
92 130.441683043
93 125.790008891
94 168.232257576
95 153.7487555
96 165.353590032
97 163.149507195
98 137.443545119
99 164.588840967
100 156.098943424
101 162.57232588
102 184.968544185
103 215.277478717
104 201.753532489
105 220.937410413
106 180.170764945
107 244.147079478
108 226.931014945
109 260.118617021
110 229.232501174
111 238.10477325
112 264.818992869
113 214.464027956
114 241.365815326
115 246.497267402
116 267.50285363
117 246.830940239
118 239.495405326
119 244.147079478
120 257.671025706
121 220.888708717
122 267.071777402
123 227.362091174
124 217.578964945
125 181.27642588
126 220.791305326
127 172.932633424
128 116.966438511
129 124.781751348
130 129.961905119
131 123.488522663
132 112.745840587
133 100.035345119
134 105.264200587
135 76.4920032173
136 73.2309611412
137 49.8751869891
138 56.8770490651
139 67.5710294456
140 47.5249990651
141 37.3107966087
142 30.2602328369
143 23.3070724565
144 14.4835020761
145 34.0010528369
146 37.7418728369
147 25.6572603804
148 27.0478924565
149 40.5231369891
150 26.6168162282
151 29.8778583043
152 28.4385245326
153 14.4348003804
154 8.82357038041
155 8.87227207608
156 13.0441683043
157 10.6939803804
158 6.52208415216
159 7.00186207608
160 10.2629041522
161 9.78312622825
162 6.04230622825
163 1.39063207608
164 10.2629041522
165 3.74082
166 7.91271622825
167 3.26104207608
168 14.0037241522
169 8.87227207608
170 3.74082
171 3.74082
172 9.35205
173 5.13145207608
174 1.39063207608
175 5.61123
176 6.04230622825
177 1.87041
178 1.87041
179 0.0
180 4.65167415216
181 0.0
182 0.0
183 1.87041
184 1.39063207608
185 3.26104207608
186 1.87041
187 1.39063207608
188 2.78126415216
189 4.17189622825
190 4.65167415216
191 4.65167415216
192 0.0
193 0.0
194 2.78126415216
195 3.26104207608
196 1.39063207608
197 1.87041
198 0.0
199 1.87041
200 0.0
201 3.74082
202 0.0
203 3.26104207608
204 3.74082
205 3.74082
206 0.0
207 2.78126415216
208 0.0
209 0.0
210 2.78126415216
211 4.65167415216
212 1.39063207608
213 1.87041
214 1.39063207608
215 0.0
216 0.0
217 0.0
218 0.0
219 1.87041
220 1.39063207608
221 1.87041
222 0.0
223 0.0
224 0.0
225 1.87041
226 0.0
227 0.0
228 0.0
229 0.0
230 0.0
231 1.87041
232 1.87041
233 0.0
234 1.87041
235 1.39063207608
236 0.0
237 0.0
238 0.0
239 1.87041
240 0.0
241 1.87041
242 0.0
243 1.39063207608
244 1.39063207608
245 0.0
246 1.39063207608
247 0.0
248 1.87041
249 0.0
250 1.39063207608
251 0.0
252 0.0
253 0.0
254 0.0
255 0.0
256 0.0
257 0.0
258 0.0
259 0.0
260 0.0
261 0.0
262 0.0
263 0.0
264 0.0
265 0.0
266 0.0
267 0.0
268 0.0
269 0.0
270 0.0
271 0.0
272 0.0
273 0.0
274 0.0
275 0.0
276 1.87041
277 0.0
278 1.87041
279 0.0
280 0.0
281 0.0
282 0.0
283 0.0
284 1.39063207608
285 4.65167415216
286 0.0
287 0.0
288 0.0
289 0.0
290 0.0
291 0.0
292 3.74082
293 0.0
294 0.0
295 0.0
296 0.0
297 0.0
298 0.0
299 0.0
