0 0.0
1 1.39063207608
2 10.6939803804
3 12.5643903804
4 10.2629041522
5 14.4348003804
6 22.8272945326
7 30.3089345326
8 34.0497545326
9 34.5295324565
10 44.6950332173
11 55.4377152934
12 52.6077494456
13 57.7879032173
14 43.3044011412
15 66.6601752934
16 80.1841215216
17 89.9185460542
18 96.0095539781
19 90.4470256738
20 89.0076919021
21 88.5279139781
22 112.314764359
23 98.839519826
24 98.3597419021
25 123.008744739
26 107.134610587
27 134.231204739
28 157.920651728
29 131.881016815
30 163.483180032
31 156.530019652
32 179.40601588
33 164.825110413
34 145.022588511
35 178.495161728
36 202.233310413
37 192.978663804
38 162.954700413
39 169.622889652
40 199.452046261
41 170.533743804
42 191.441926641
43 195.613822869
44 159.693658337
45 157.009797576
46 166.264444185
47 183.244239272
48 181.707502108
49 201.371157956
50 189.717621728
51 185.497023804
52 208.470423424
53 209.666248717
54 212.496214565
55 210.04862325
56 184.008988337
57 194.271892489
58 185.399620413
59 175.616494185
60 196.191004185
61 187.798510032
62 181.756203804
63 161.807576815
64 188.278287956
65 166.31314588
66 165.930771348
67 149.048379652
68 167.801181348
69 158.497833043
70 115.527104739
71 153.366380967
72 171.973077576
73 148.332332282
74 135.670538511
75 133.702725119
76 124.448078511
77 114.998625119
78 114.567548891
79 125.358932663
80 102.53163813
81 139.411358511
82 118.836848511
83 111.737583043
84 108.14286813
85 113.656694739
86 102.962714359
87 101.572082282
88 90.3983239781
89 111.834986435
90 84.8357956738
91 94.6189219021
92 84.7870939781
93 82.5343094456
94 81.5260519021
95 70.3522935977
96 76.8743777499
97 80.6151977499
98 60.0893894456
99 68.912959826
100 47.4762973695
101 61.0489452934
102 51.7455969891
103 48.9156311412
104 47.0452211412
105 46.614144913
106 41.002914913
107 33.521274913
108 31.2197886847
109 25.1287807608
110 28.8208990651
111 34.9606086847
112 18.1756203804
113 30.2602328369
114 42.9220266087
115 29.8291566087
116 19.5662524565
117 27.5276703804
118 31.6995666087
119 44.3126586847
120 28.4385245326
121 30.7887124565
122 15.3943562282
123 14.9145783043
124 18.6553983043
125 33.5699766087
126 27.0478924565
127 16.3052103804
128 31.6995666087
129 28.4385245326
130 18.1756203804
131 17.2647662282
132 26.1370383043
133 11.6535362282
134 32.1793445326
135 18.6553983043
136 20.5258083043
137 20.9568845326
138 16.2565086847
139 22.8272945326
140 13.5239462282
141 14.9145783043
142 14.4348003804
143 12.6130920761
144 11.6535362282
145 14.9145783043
146 21.4366624565
147 21.0055862282
148 9.78312622825
149 12.0846124565
150 13.5239462282
151 17.2160645326
152 9.78312622825
153 7.00186207608
154 3.26104207608
155 13.9550224565
156 24.2179266087
157 7.91271622825
158 10.2629041522
159 10.2629041522
160 13.9550224565
161 6.52208415216
162 6.52208415216
163 13.0441683043
164 18.1756203804
165 11.1737583043
166 11.6535362282
167 8.39249415216
168 14.0037241522
169 13.5239462282
170 6.52208415216
171 6.04230622825
172 4.65167415216
173 10.2629041522
174 1.87041
175 8.87227207608
176 7.43293830433
177 9.78312622825
178 6.04230622825
179 8.87227207608
180 7.48164
181 10.6939803804
182 13.5239462282
183 7.00186207608
184 5.61123
185 5.61123
186 3.26104207608
187 12.0846124565
188 8.87227207608
189 1.87041
190 5.13145207608
191 7.91271622825
192 7.48164
193 1.39063207608
194 6.04230622825
195 7.43293830433
196 4.65167415216
197 5.13145207608
198 5.13145207608
199 8.39249415216
200 3.74082
201 5.13145207608
202 5.61123
203 1.39063207608
204 1.87041
205 1.39063207608
206 1.39063207608
207 0.0
208 1.87041
209 3.26104207608
210 3.26104207608
211 1.87041
212 5.13145207608
213 6.52208415216
214 10.7426820761
215 7.00186207608
216 1.87041
217 8.39249415216
218 6.52208415216
219 14.0037241522
220 1.87041
221 3.26104207608
222 1.87041
223 3.26104207608
224 6.04230622825
225 5.13145207608
226 0.0
227 0.0
228 1.39063207608
229 3.26104207608
230 5.13145207608
231 7.91271622825
232 0.0
233 5.13145207608
234 1.39063207608
235 5.13145207608
236 1.87041
237 1.39063207608
238 3.74082
239 0.0
240 0.0
241 1.87041
242 4.65167415216
243 1.39063207608
244 0.0
245 1.39063207608
246 0.0
247 3.26104207608
248 3.74082
249 0.0
250 5.61123
251 3.26104207608
252 1.87041
253 1.39063207608
254 0.0
255 1.39063207608
256 3.74082
257 1.87041
258 2.78126415216
259 3.74082
260 3.74082
261 1.39063207608
262 3.26104207608
263 3.74082
264 0.0
265 1.39063207608
266 0.0
267 0.0
268 1.39063207608
269 3.26104207608
270 0.0
271 1.87041
272 0.0
273 1.39063207608
274 3.74082
275 1.87041
276 1.39063207608
277 0.0
278 3.26104207608
279 1.87041
280 3.74082
281 3.26104207608
282 1.87041
283 0.0
284 1.87041
285 0.0
286 1.87041
287 3.26104207608
288 0.0
289 1.39063207608
290 0.0
291 0.0
292 0.0
293 0.0
294 0.0
295 3.26104207608
296 0.0
297 1.87041
298 1.87041
299 0.0
