0 0.0
1 0.0
2 8.82357038041
3 11.6535362282
4 8.39249415216
5 13.9550224565
6 29.3493786847
7 26.0883366087
8 42.3935469891
9 21.4366624565
10 28.0074483043
11 34.4808307608
12 29.3006769891
13 46.0856652934
14 40.0920607608
15 46.5654432173
16 55.0066390651
17 60.0893894456
18 61.9597994456
19 64.7897652934
20 64.7897652934
21 55.4377152934
22 80.6151977499
23 50.7373394456
24 88.0968377499
25 88.5766156738
26 52.6564511412
27 95.3836709672
28 81.9571281303
29 82.9653856738
30 91.7889560542
31 82.4369060542
32 81.6234552934
33 124.350675119
34 89.9185460542
35 93.6593660542
36 104.881826054
37 122.528966815
38 107.996763043
39 124.97655813
40 113.176916815
41 93.1795881303
42 135.670538511
43 112.314764359
44 121.666814359
45 123.537224359
46 123.057446435
47 130.539086435
48 105.264200587
49 129.148454359
50 108.622646054
51 133.800128511
52 108.573944359
53 116.437958891
54 123.008744739
55 110.444354359
56 137.923323043
57 100.612526435
58 96.8717064346
59 120.609855119
60 125.790008891
61 99.7503739781
62 117.397514739
63 108.573944359
64 98.693414739
65 123.391119272
66 114.136472663
67 103.442492282
68 112.648437195
69 114.233876054
70 94.1391439781
71 114.087770967
72 115.958180967
73 123.968300587
74 84.3073160542
75 109.484798511
76 94.5702202064
77 89.4387681303
78 93.228289826
79 85.746649826
80 124.017002282
81 105.312902282
82 79.1758639781
83 86.7549073695
84 103.970971902
85 77.7852319021
86 91.8376577499
87 99.2705960542
88 95.9608522825
89 90.8294002064
90 93.5619626629
91 84.4047194456
92 90.4470256738
93 68.0995090651
94 83.876239826
95 70.3522935977
96 90.8781019021
97 82.9653856738
98 100.709929826
99 81.0462739781
100 75.0526694456
101 73.0848560542
102 66.6114735977
103 69.0103632173
104 50.8834445326
105 90.8294002064
106 74.524189826
107 61.9597994456
108 78.7447877499
109 54.5755628369
110 64.3099873695
111 67.042549826
112 67.5710294456
113 50.354964913
114 67.5223277499
115 60.6178690651
116 71.7916273695
117 53.1362290651
118 70.8807732173
119 78.7447877499
120 41.9137690651
121 62.0085011412
122 56.4459728369
123 70.3522935977
124 63.447834913
125 52.1279715216
126 65.7006194456
127 69.4414394456
128 60.0893894456
129 46.5654432173
130 64.3099873695
131 54.4781594456
132 52.1766732173
133 48.0047769891
134 47.0452211412
135 57.3081252934
136 66.1803973695
137 59.1785352934
138 37.7418728369
139 40.0920607608
140 39.6122828369
141 40.4744352934
142 49.8751869891
143 41.9624707608
144 33.0901986847
145 24.2179266087
146 55.0066390651
147 45.7032907608
148 47.0939228369
149 34.0497545326
150 35.9201645326
151 43.3044011412
152 41.9624707608
153 29.3493786847
154 33.0901986847
155 40.0433590651
156 30.2602328369
157 28.8696007608
158 35.391684913
159 27.9587466087
160 27.0478924565
161 44.2639569891
162 38.2216507608
163 32.6591224565
164 41.5313945326
165 24.2179266087
166 27.9587466087
167 33.0901986847
168 36.8797203804
169 29.3493786847
170 39.6609845326
171 35.391684913
172 30.3089345326
173 31.7482683043
174 27.0478924565
175 16.2565086847
176 22.7785928369
177 31.2197886847
178 23.7868503804
179 19.1351762282
180 29.3493786847
181 22.7785928369
182 24.2179266087
183 26.0883366087
184 27.910044913
185 13.4752445326
186 22.3475166087
187 14.9145783043
188 16.3052103804
189 24.6977045326
190 29.3980803804
191 38.7014286847
192 19.6149541522
193 18.1756203804
194 14.9145783043
195 20.5258083043
196 15.3456545326
197 23.3070724565
198 24.2179266087
199 19.5662524565
200 18.6553983043
201 14.9145783043
202 14.3860986847
203 15.8254324565
204 20.9568845326
205 9.78312622825
206 16.3052103804
207 20.5258083043
208 20.5258083043
209 21.4366624565
210 20.4771066087
211 20.0460303804
212 21.4366624565
213 15.3943562282
214 8.39249415216
215 25.1774824565
216 6.95316038041
217 13.5239462282
218 19.1351762282
219 20.0460303804
220 10.7426820761
221 10.7426820761
222 13.5239462282
223 1.87041
224 18.1269186847
225 10.2629041522
226 10.2629041522
227 14.4348003804
228 13.9550224565
229 14.96328
230 7.43293830433
231 17.2160645326
232 13.5239462282
233 17.6958424565
234 16.7849883043
235 14.9145783043
236 14.0037241522
237 4.65167415216
238 16.3052103804
239 7.00186207608
240 16.7362866087
241 13.5239462282
242 17.7445441522
243 11.6535362282
244 7.00186207608
245 8.39249415216
246 10.2629041522
247 6.04230622825
248 5.61123
249 8.39249415216
250 18.1756203804
251 13.5239462282
252 13.5239462282
253 4.65167415216
254 4.65167415216
255 12.1333141522
256 4.17189622825
257 11.1737583043
258 6.04230622825
259 10.2629041522
260 10.2142024565
261 1.39063207608
262 8.39249415216
263 4.65167415216
264 4.65167415216
265 5.13145207608
266 12.1333141522
267 6.52208415216
268 3.26104207608
269 6.52208415216
270 3.26104207608
271 4.65167415216
272 7.43293830433
273 7.48164
274 12.1333141522
275 10.7426820761
276 10.7426820761
277 5.61123
278 6.52208415216
279 6.52208415216
280 14.4348003804
281 1.39063207608
282 10.7426820761
283 7.48164
284 5.13145207608
285 10.2629041522
286 2.78126415216
287 7.48164
288 5.13145207608
289 5.61123
290 9.78312622825
291 3.26104207608
292 0.0
293 7.43293830433
294 12.5643903804
295 1.39063207608
296 2.78126415216
297 12.1333141522
298 6.52208415216
299 7.00186207608
