0 0.0
1 5.13145207608
2 5.61123
3 11.6535362282
4 14.0037241522
5 15.8741341522
6 24.6977045326
7 22.3475166087
8 23.7381486847
9 34.9606086847
10 32.6591224565
11 30.7400107608
12 53.6160069891
13 38.7014286847
14 41.002914913
15 52.1766732173
16 70.4496969891
17 58.6500556738
18 66.2290990651
19 57.3081252934
20 60.5691673695
21 65.6519177499
22 50.354964913
23 80.6151977499
24 75.0526694456
25 101.523380587
26 74.524189826
27 89.4387681303
28 76.0122252934
29 84.8357956738
30 77.4028573695
31 81.9571281303
32 110.444354359
33 104.304644739
34 119.747702663
35 128.571273043
36 81.4773502064
37 109.484798511
38 100.181450206
39 98.839519826
40 134.710982663
41 113.607993043
42 109.818471348
43 101.092304359
44 125.838710587
45 110.924132282
46 126.269786815
47 97.4488877499
48 114.664952282
49 114.616250587
50 130.539086435
51 125.358932663
52 104.784422663
53 113.176916815
54 135.524433424
55 106.654832663
56 107.183312282
57 105.792680206
58 83.8275381303
59 120.755960206
60 87.5683581303
61 111.786284739
62 116.535362282
63 116.006882663
64 102.051860206
65 136.004211348
66 129.051050967
67 110.444354359
68 113.274320206
69 106.27245813
70 106.703534359
71 104.40204813
72 104.40204813
73 89.8698443585
74 89.0076919021
75 116.917736815
76 96.4406302064
77 93.6593660542
78 85.3155735977
79 93.1795881303
80 94.1391439781
81 108.622646054
82 99.6529705868
83 94.5702202064
84 89.4387681303
85 117.49491813
86 105.792680206
87 94.1391439781
88 91.7889560542
89 92.2687339781
90 89.9672477499
91 103.011416054
92 68.4818835977
93 85.3155735977
94 80.1841215216
95 86.7062056738
96 92.2200322825
97 67.9534039781
98 70.783369826
99 76.4433015216
100 68.912959826
101 55.8687915216
102 61.4800215216
103 84.3560177499
104 55.0066390651
105 69.8238139781
106 77.9313369891
107 85.7953515216
108 82.0545315216
109 75.4837456738
110 60.5204656738
111 75.4350439781
112 71.6942239781
113 65.2695432173
114 69.4414394456
115 65.2208415216
116 56.9257507608
117 80.5664960542
118 75.4837456738
119 52.1279715216
120 77.4515590651
121 58.2676811412
122 57.7392015216
123 60.1380911412
124 57.690499826
125 46.1343669891
126 54.5755628369
127 58.6987573695
128 64.7410635977
129 55.0553407608
130 36.3512407608
131 42.9220266087
132 44.6950332173
133 59.707014913
134 40.5718386847
135 40.5231369891
136 42.3935469891
137 42.3935469891
138 51.7942986847
139 49.9238886847
140 58.2189794456
141 55.9174932173
142 26.0883366087
143 39.5635811412
144 36.8310186847
145 47.0939228369
146 48.4358532173
147 46.0856652934
148 55.0066390651
149 45.6545890651
150 42.3448452934
151 40.9542132173
152 20.9568845326
153 26.0883366087
154 62.9193552934
155 28.3898228369
156 36.3512407608
157 34.4808307608
158 44.7924366087
159 35.4890883043
160 33.9523511412
161 41.4826928369
162 25.6085586847
163 40.4744352934
164 24.2179266087
165 33.5699766087
166 34.9119069891
167 27.4302669891
168 31.7482683043
169 29.3493786847
170 27.5276703804
171 49.8751869891
172 13.5239462282
173 19.0864745326
174 26.9991907608
175 17.2647662282
176 24.2666283043
177 30.3089345326
178 32.5617190651
179 30.2602328369
180 28.9183024565
181 16.7849883043
182 21.9164403804
183 28.8696007608
184 21.4853641522
185 15.8254324565
186 19.0864745326
187 23.3070724565
188 34.4808307608
189 25.6572603804
190 13.5239462282
191 30.3089345326
192 28.9183024565
193 14.4348003804
194 13.0441683043
195 17.6958424565
196 21.9164403804
197 27.5276703804
198 23.3070724565
199 18.6553983043
200 14.4348003804
201 17.7445441522
202 11.1737583043
203 14.4348003804
204 24.2179266087
205 21.9164403804
206 12.5643903804
207 15.8254324565
208 16.7849883043
209 12.5643903804
210 14.0037241522
211 23.3070724565
212 15.8741341522
213 14.4348003804
214 17.6958424565
215 17.2647662282
216 20.5258083043
217 4.65167415216
218 21.0055862282
219 21.8677386847
220 18.1756203804
221 11.6535362282
222 15.8254324565
223 7.00186207608
224 14.0037241522
225 12.1333141522
226 13.5239462282
227 18.1756203804
228 13.0441683043
229 16.3052103804
230 20.0460303804
231 14.4348003804
232 8.39249415216
233 13.0441683043
234 7.91271622825
235 22.3962183043
236 10.2629041522
237 5.13145207608
238 8.87227207608
239 18.2243220761
240 17.2647662282
241 8.39249415216
242 6.95316038041
243 3.74082
244 3.26104207608
245 10.7426820761
246 9.78312622825
247 6.52208415216
248 4.65167415216
249 6.52208415216
250 7.00186207608
251 6.04230622825
252 7.91271622825
253 7.91271622825
254 18.6553983043
255 13.0441683043
256 3.26104207608
257 14.9145783043
258 3.74082
259 6.52208415216
260 6.52208415216
261 15.3943562282
262 3.26104207608
263 10.6939803804
264 10.7426820761
265 9.35205
266 11.22246
267 10.2629041522
268 7.43293830433
269 7.00186207608
270 4.65167415216
271 8.87227207608
272 15.8254324565
273 13.5239462282
274 7.48164
275 6.04230622825
276 11.6535362282
277 3.26104207608
278 9.78312622825
279 7.00186207608
280 8.39249415216
281 3.74082
282 3.74082
283 9.30334830433
284 6.52208415216
285 7.91271622825
286 7.00186207608
287 10.2629041522
288 5.13145207608
289 7.91271622825
290 7.91271622825
291 2.78126415216
292 11.1737583043
293 4.65167415216
294 4.17189622825
295 6.52208415216
296 6.52208415216
297 1.87041
298 13.5239462282
299 1.87041
