0 0.0
1 0.0
2 0.0
3 0.0
4 0.0
5 0.0
6 0.0
7 0.0
8 0.0
9 0.0
10 0.0
11 12.7129970784
12 66.3244547945
13 80.3068695385
14 28.0276896224
15 61.1590770182
16 32.9496442109
17 2.55314788907
18 24.4913231606
19 42.3401937435
20 15.9349025427
21 33.0477437785
22 41.4727945192
23 12.5916594155
24 29.6271966651
25 25.3869765873
26 9.29746607218
27 21.0940141425
28 10.1158155127
29 19.7453644971
30 19.4623313687
31 49.0895280338
32 36.6545479767
33 29.0918803531
34 22.2394303881
35 24.5585949325
36 29.6271966651
37 30.7003250317
38 22.2444464952
39 1.68073255763
40 25.4850761549
41 21.9872250553
42 13.5854124098
43 30.4945958894
44 50.5179774078
45 44.1057421369
46 44.3630414277
47 44.0566923531
48 26.5814426167
49 15.5541942031
50 24.5403729444
51 4.97492590099
52 50.6771771309
53 36.1569257101
54 42.4250095793
55 53.8662366421
56 36.4682908919
57 50.5720432988
58 24.7202903981
59 28.6969494049
60 58.8707402695
61 23.1659116105
62 29.9592795774
63 43.2075929678
64 9.29746607218
65 30.7285792341
66 17.7702430727
67 0.813333333333
68 23.4439286317
69 30.7285792341
70 37.521947201
71 22.882878482
72 30.7776290179
73 9.29746607218
74 11.8455978541
75 12.6689634017
76 29.0428305693
77 19.4623313687
78 19.7171102947
79 36.1192316646
80 16.0021743146
81 49.421610946
82 15.0957575208
83 4.28794633766
84 32.9005944271
85 22.8055744958
86 24.6667267144
87 35.8016047027
88 19.5100576285
89 58.7007771792
90 11.3152976492
91 0.0
92 0.0
93 0.0
94 0.0
95 0.0
96 0.0
97 0.0
98 0.0
99 0.0
