0 0.0
1 0.0
2 0.0
3 0.0
4 0.0
5 0.0
6 0.0
7 0.0
8 0.0
9 0.0
10 0.0
11 0.0
12 0.0
13 0.0
14 0.0
15 0.0
16 0.0
17 0.0
18 0.0
19 0.0
20 0.0
21 0.0
22 0.0
23 0.0
24 0.0
25 0.0
26 0.0
27 0.0
28 0.0
29 0.0
30 0.0
31 0.0
32 0.0
33 0.0
34 0.0
35 0.0
36 0.0
37 0.0
38 23.8528911738
39 58.5480972004
40 71.1282986154
41 25.4259941568
42 48.4007227392
43 41.7608437548
44 19.7403483899
45 46.7690399654
46 41.5268604102
47 77.9781749871
48 70.160304081
49 41.4262404779
50 18.5445588366
51 53.1379727124
52 37.2325744414
53 22.0154792577
54 61.6221054512
55 34.7825422271
56 33.8170434352
57 64.9915846233
58 50.4739437311
59 97.3116568433
60 67.6354103943
61 95.2264756435
62 68.2995762188
63 30.4455461056
64 88.1450584409
65 59.4783444606
66 114.104440916
67 71.8182228998
68 38.6723795537
69 39.2567456495
70 52.1987099654
71 51.6917257067
72 29.5781468813
73 14.5018614179
74 21.4311131619
75 24.5686271468
76 40.9915440981
77 5.86813681385
78 4.2338804467
79 11.8223597589
80 12.6639472946
81 4.28794633766
82 20.8957968498
83 4.28794633766
84 1.73479844859
85 0.0
86 2.60219767288
87 0.867399224293
88 13.001046314
89 4.21064235146
90 32.2551281757
91 21.8072297508
92 2.55314788907
93 20.2806808091
94 20.0724313022
95 9.55224499823
96 4.33699612147
97 0.867399224293
98 10.4969482087
99 2.55314788907
100 1.68574866478
101 10.983214737
102 2.54813178192
103 0.0
104 2.55314788907
105 0.0
106 1.68574866478
107 20.8367148517
108 1.68574866478
109 0.818349440488
110 2.60219767288
111 3.28917723621
112 10.3705944387
113 3.37149732956
114 1.73479844859
115 0.867399224293
116 2.47584390288
117 2.45003221431
118 0.0
119 3.42054711337
120 0.0
121 9.62954898443
122 1.73479844859
123 1.63168277382
124 0.0
125 0.867399224293
126 0.0
127 0.0
128 1.68574866478
129 0.867399224293
130 1.73479844859
131 0.0
132 1.63168277382
133 0.0
134 0.0
135 0.0
136 0.818349440488
137 0.0
138 0.867399224293
139 0.867399224293
140 0.818349440488
141 0.867399224293
142 0.867399224293
143 1.68574866478
144 0.867399224293
145 0.0
146 0.0
147 0.867399224293
148 0.867399224293
149 1.60844467858
150 0.0
151 8.76214976013
152 0.0
153 0.0
154 0.0
155 0.0
156 0.0
157 0.0
158 0.818349440488
159 0.813333333333
160 0.813333333333
161 0.0
162 0.0
163 0.813333333333
164 0.0
165 0.867399224293
166 0.0
167 0.867399224293
168 0.0
169 0.0
170 0.790095238095
171 0.0
172 0.818349440488
173 0.0
174 0.0
175 0.0
176 0.0
177 0.0
178 0.867399224293
179 0.0
180 0.0
181 0.0
182 0.867399224293
183 1.68574866478
184 0.0
185 0.0
186 0.0
187 0.0
188 0.0
189 0.0
190 0.0
191 0.0
192 0.0
193 0.0
194 0.0
195 0.0
196 0.0
197 0.0
198 0.0
199 0.0
200 0.0
201 0.0
202 0.0
203 0.0
204 0.0
205 0.0
206 0.0
207 1.68574866478
208 0.0
209 0.0
210 0.0
211 0.0
212 0.0
213 0.0
214 1.73479844859
215 0.0
216 0.0
217 0.0
218 0.0
219 0.0
220 0.0
221 0.0
222 0.0
223 0.0
224 0.0
225 0.0
226 0.0
227 0.0
228 0.0
229 0.0
230 0.0
231 0.0
232 0.0
233 0.0
234 0.0
235 0.0
236 0.0
237 0.0
238 0.0
239 0.0
240 0.0
241 0.867399224293
242 0.0
243 0.0
244 0.0
245 0.0
246 0.0
247 0.0
248 0.0
249 0.0
250 0.0
251 0.0
252 0.0
253 0.0
254 0.0
255 0.0
256 0.0
257 0.0
258 0.0
259 0.0
260 0.0
261 0.0
262 0.0
263 0.0
264 0.0
265 0.0
266 0.0
267 0.0
268 0.0
269 0.0
270 0.0
271 0.0
272 0.0
273 0.0
274 0.0
275 0.0
276 0.0
277 0.0
278 0.0
279 0.0
280 0.0
281 0.0
282 0.0
283 0.0
284 1.73479844859
285 0.0
286 0.0
287 0.0
288 0.0
289 0.0
290 0.0
291 0.0
292 0.0
293 0.0
294 0.0
295 0.0
296 0.0
297 0.0
298 0.0
299 0.0
