0 0.0
1 39.0813420957
2 41.6502694591
3 40.4840576321
4 5.10629577815
5 22.3966119538
6 27.6891648167
7 58.587707141
8 32.5124274664
9 42.2961600669
10 1.68073255763
11 23.3666246456
12 14.4528116341
13 38.4088184827
14 27.6445387689
15 49.9028613671
16 16.9468775251
17 43.104477293
18 32.175328447
19 29.9102297936
20 21.1430639263
21 53.6114577161
22 32.9213900085
23 40.8884284234
24 49.8588276905
25 33.6087939282
26 38.3402966415
27 60.3067261154
28 32.4583615755
29 50.2399603865
30 40.9424943143
31 51.3853766321
32 27.0394549425
33 47.3006636942
34 23.6962118154
35 29.3749134815
36 71.2849247452
37 41.3414246421
38 51.8766592675
39 13.0991458816
40 23.2099452871
41 43.0654597235
42 42.2420941759
43 50.6210930826
44 46.5180803057
45 51.9206929441
46 49.5990858859
47 23.1608955033
48 29.6271966651
49 22.34756217
50 39.2567456495
51 12.6689634017
52 33.2817271231
53 21.1971298172
54 5.10127967099
55 29.8611800098
56 12.1336470897
57 28.556564041
58 2.60219767288
59 21.1480800334
60 1.68574866478
61 19.4623313687
62 14.447795527
63 0.867399224293
64 19.4623313687
65 23.1068296123
66 4.33699612147
67 11.364347433
68 11.8996637451
69 0.818349440488
70 3.42054711337
71 9.29746607218
72 20.2806808091
73 10.4478984249
74 4.18984677005
75 1.68574866478
76 1.65749446239
77 20.2806808091
78 12.2317466573
79 10.983214737
80 3.46959689717
81 11.2870434468
82 10.4478984249
83 0.818349440488
84 0.867399224293
85 0.867399224293
86 0.867399224293
87 0.0
88 1.63669888098
89 3.34324312717
90 0.818349440488
91 1.68073255763
92 10.983214737
93 0.0
94 1.68574866478
95 1.63669888098
96 0.867399224293
97 0.0
98 1.73479844859
99 1.68574866478
100 0.867399224293
101 0.0
102 0.818349440488
103 1.60844467858
104 0.867399224293
105 0.867399224293
106 9.62954898443
107 0.0
108 0.0
109 1.68073255763
110 8.76214976013
111 0.0
112 1.63669888098
113 0.867399224293
114 0.0
115 0.813333333333
116 0.0
117 1.68574866478
118 1.63669888098
119 0.0
120 0.0
121 0.867399224293
122 0.0
123 0.0
124 0.0
125 0.0
126 0.867399224293
127 0.818349440488
128 0.0
129 0.0
130 0.790095238095
131 0.0
132 0.0
133 0.0
134 0.0
135 0.0
136 0.790095238095
137 0.0
138 0.0
139 0.0
140 3.2683816548
141 0.0
142 0.0
143 0.0
144 0.0
145 0.0
146 0.0
147 0.0
148 0.0
149 0.0
150 0.0
151 0.0
152 0.818349440488
153 0.0
154 0.0
155 0.0
156 0.0
157 0.867399224293
158 0.867399224293
159 0.0
160 0.0
161 0.0
162 0.0
163 0.0
164 0.867399224293
165 0.0
166 0.0
167 0.0
168 0.0
169 0.0
170 0.0
171 0.0
172 0.0
173 0.0
174 0.0
175 0.867399224293
176 0.0
177 0.0
178 0.0
179 0.0
180 0.0
181 0.0
182 0.867399224293
183 0.0
184 0.0
185 0.0
186 0.0
187 0.0
188 0.0
189 0.0
190 0.0
191 0.0
192 0.0
193 0.0
194 0.0
195 0.0
196 0.0
197 0.0
198 0.0
199 0.0
200 0.0
201 0.0
202 0.0
203 0.0
204 0.0
205 0.0
206 0.0
207 0.0
208 0.0
209 0.0
210 0.0
211 0.0
212 0.0
213 0.0
214 0.0
215 0.0
216 0.0
217 0.0
218 0.0
219 0.0
220 0.0
221 0.0
222 0.0
223 0.0
224 0.0
225 0.0
226 0.0
227 0.0
228 0.790095238095
229 0.0
230 0.0
231 0.0
232 0.0
233 0.0
234 0.0
235 0.0
236 0.0
237 0.0
238 0.0
239 0.0
240 0.0
241 0.0
242 0.0
243 0.0
244 0.0
245 0.0
246 0.0
247 0.0
248 0.0
249 0.0
250 0.0
251 0.0
252 0.0
253 0.0
254 0.0
255 0.0
256 0.0
257 0.0
258 0.0
259 0.0
260 0.0
261 0.0
262 0.0
263 0.0
264 0.867399224293
265 0.0
266 0.0
267 0.0
268 0.0
269 0.0
270 0.0
271 0.0
272 0.0
273 0.0
274 0.0
275 0.0
276 0.0
277 0.0
278 0.0
279 0.0
280 0.0
281 0.0
282 0.0
283 0.0
284 0.0
285 0.0
286 0.0
287 0.0
288 0.0
289 0.0
290 0.0
291 0.0
292 0.0
293 0.0
294 0.0
295 0.0
296 0.0
297 0.0
298 0.0
299 0.0
