0 0.0
1 20.3297305929
2 19.4623313687
3 51.5345441409
4 127.553969549
5 146.75398552
6 149.417283348
7 157.310015727
8 142.212432475
9 186.614659487
10 80.5200449887
11 159.22181153
12 171.327628774
13 126.575096861
14 74.6772176561
15 97.0039842447
16 79.4286167832
17 47.6264069753
18 62.9579735721
19 16.9518936322
20 29.8265861762
21 29.9737355276
22 54.5253863595
23 21.8079243842
24 38.3880229013
25 18.9697252093
26 24.0000405252
27 21.7349418717
28 18.7893055483
29 5.92464521864
30 3.28917723621
31 8.43950669101
32 1.73479844859
33 1.63168277382
34 3.36648122241
35 10.9781986298
36 14.6327290878
37 10.9008946436
38 2.55314788907
39 2.42679411907
40 4.23889655386
41 2.50409810527
42 3.42054711337
43 0.867399224293
44 0.0
45 0.0
46 1.63168277382
47 0.0
48 1.73479844859
49 9.55224499823
50 1.68574866478
51 1.68574866478
52 0.0
53 0.0
54 0.867399224293
55 0.0
56 1.65749446239
57 1.73479844859
58 0.867399224293
59 0.867399224293
60 0.0
61 0.0
62 0.0
63 0.867399224293
64 2.55314788907
65 1.60844467858
66 0.0
67 0.0
68 0.0
69 0.0
70 0.0
71 0.818349440488
72 0.0
73 0.818349440488
74 0.813333333333
75 0.813333333333
76 0.0
77 0.0
78 0.0
79 0.0
80 0.0
81 0.0
82 0.790095238095
83 0.0
84 0.0
85 0.0
86 0.0
87 0.0
88 0.0
89 0.813333333333
90 0.0
91 0.0
92 0.818349440488
93 1.73479844859
94 0.0
95 0.790095238095
96 0.0
97 0.0
98 0.0
99 0.0
100 0.0
101 0.0
102 0.0
103 0.0
104 0.0
105 0.0
106 0.0
107 0.0
108 0.0
109 0.0
110 0.0
111 0.0
112 0.0
113 0.0
114 0.0
115 0.0
116 0.0
117 0.0
118 0.867399224293
119 0.0
120 0.0
121 0.0
122 0.0
123 0.867399224293
124 0.0
125 0.0
126 0.0
127 0.0
128 0.0
129 0.0
130 0.0
131 0.0
132 0.0
133 0.0
134 0.0
135 0.0
136 0.867399224293
137 0.0
138 0.0
139 0.0
140 0.0
141 0.0
142 0.0
143 0.0
144 0.0
145 0.0
146 0.0
147 0.0
148 0.0
149 0.0
150 0.0
151 0.0
152 0.0
153 0.0
154 0.0
155 0.0
156 0.0
157 0.0
158 0.0
159 0.0
160 0.0
161 0.0
162 0.0
163 0.0
164 0.0
165 0.0
166 0.0
167 0.0
168 0.0
169 0.0
170 0.0
171 0.0
172 0.0
173 0.0
174 0.0
175 0.0
176 0.0
177 0.0
178 0.0
179 0.0
180 0.0
181 0.0
182 0.0
183 0.0
184 0.0
185 0.0
186 0.0
187 0.0
188 0.0
189 0.0
190 0.0
191 0.0
192 0.0
193 0.0
194 0.0
195 0.0
196 0.0
197 0.0
198 0.0
199 0.0
200 0.0
201 0.0
202 0.0
203 0.0
204 0.0
205 0.0
206 0.0
207 0.0
208 0.0
209 0.0
210 0.0
211 0.0
212 0.0
213 0.0
214 0.0
215 0.0
216 0.0
217 0.0
218 0.0
219 0.0
220 0.0
221 0.0
222 0.0
223 0.0
224 0.0
225 0.0
226 0.0
227 0.0
228 0.0
229 0.0
230 0.0
231 0.0
232 0.0
233 0.0
234 0.0
235 0.0
236 0.0
237 0.0
238 0.0
239 0.0
240 0.0
241 0.0
242 0.0
243 0.0
244 0.0
245 0.0
246 0.0
247 0.0
248 0.0
249 0.0
250 0.0
251 0.0
252 0.0
253 0.0
254 0.0
255 0.0
256 0.0
257 0.0
258 0.0
259 0.0
260 0.790095238095
261 0.0
262 0.0
263 0.0
264 0.0
265 0.0
266 0.0
267 0.0
268 0.0
269 0.0
270 0.0
271 0.0
272 0.0
273 0.0
274 0.0
275 0.0
276 0.0
277 0.0
278 0.0
279 0.0
280 0.0
281 0.0
282 0.0
283 0.0
284 0.0
285 0.0
286 0.0
287 0.0
288 0.0
289 0.0
290 0.0
291 0.0
292 0.0
293 0.0
294 0.0
295 0.0
296 0.0
297 0.0
298 0.0
299 0.0
