0 0.0
1 0.0
2 0.0
3 0.0
4 0.0
5 0.0
6 0.0
7 0.867399224293
8 0.0
9 0.0
10 0.0
11 0.818349440488
12 0.0
13 0.0
14 0.0
15 0.0
16 0.0
17 0.0
18 0.0
19 0.790095238095
20 0.818349440488
21 0.867399224293
22 0.0
23 0.867399224293
24 0.867399224293
25 0.0
26 0.0
27 1.73479844859
28 2.52489368668
29 0.0
30 10.9781986298
31 2.55314788907
32 9.62954898443
33 10.9781986298
34 19.7944142809
35 10.1158155127
36 31.2588794389
37 10.1648652965
38 21.8122458579
39 21.9664294739
40 27.8923982165
41 51.3363268483
42 39.539778778
43 31.2638955461
44 20.8417309589
45 60.8910922112
46 67.6844601781
47 56.9842785696
48 32.9936778875
49 41.2255274428
50 32.0049410004
51 26.3034255954
52 31.1865915599
53 57.8026280101
54 39.5888285618
55 71.333974529
56 39.2026797586
57 89.1646231238
58 44.3630414277
59 81.6019555002
60 6.81284002434
61 48.5542117217
62 60.8320102131
63 45.5104758307
64 57.3163614819
65 79.9469567803
66 88.1658540224
67 49.9078774743
68 50.1136066165
69 42.2420941759
70 55.9205900462
71 49.9078774743
72 40.07509509
73 11.7424821793
74 33.7887892328
75 49.6996279673
76 5.10629577815
77 2.55314788907
78 50.0545246184
79 6.71474045673
80 27.6401150329
81 11.3102815421
82 18.3916987446
83 13.0991458816
84 22.2985123862
85 25.9970765208
86 14.6867949788
87 2.60219767288
88 1.73479844859
89 5.91962911148
90 15.5051444193
91 3.42054711337
92 1.65749446239
93 4.1848306629
94 2.60219767288
95 20.0774474093
96 2.55314788907
97 0.867399224293
98 11.8015641774
99 8.76214976013
100 2.55314788907
101 2.60219767288
102 0.0
103 1.65749446239
104 3.37149732956
105 12.9237423278
106 1.73479844859
107 0.867399224293
108 9.62954898443
109 0.0
110 2.52489368668
111 0.813333333333
112 1.68073255763
113 9.55224499823
114 3.41553100621
115 0.818349440488
116 11.3152976492
117 11.3102815421
118 1.73479844859
119 0.867399224293
120 0.867399224293
121 2.49908199811
122 0.0
123 0.0
124 0.867399224293
125 0.867399224293
126 0.867399224293
127 0.867399224293
128 1.68574866478
129 1.73479844859
130 0.0
131 0.0
132 0.0
133 3.34324312717
134 1.68574866478
135 0.0
136 3.31498892478
137 2.50409810527
138 0.867399224293
139 0.0
140 0.0
141 0.0
142 0.867399224293
143 0.867399224293
144 0.813333333333
145 0.0
146 0.0
147 0.0
148 0.0
149 0.790095238095
150 0.0
151 0.0
152 1.62666666667
153 9.58049920062
154 0.0
155 0.0
156 0.867399224293
157 0.0
158 0.0
159 0.818349440488
160 0.867399224293
161 0.813333333333
162 0.0
163 0.818349440488
164 0.867399224293
165 0.0
166 0.0
167 0.0
168 0.0
169 0.0
170 0.0
171 0.818349440488
172 0.0
173 0.0
174 0.818349440488
175 0.0
176 0.0
177 0.0
178 0.0
179 1.68073255763
180 0.0
181 0.867399224293
182 0.0
183 0.0
184 0.867399224293
185 0.0
186 0.0
187 0.0
188 0.0
189 0.0
190 0.0
191 0.0
192 0.0
193 0.867399224293
194 0.0
195 0.0
196 0.0
197 0.867399224293
198 0.0
199 0.0
200 0.0
201 0.0
202 0.0
203 0.0
204 0.0
205 0.0
206 0.0
207 0.867399224293
208 0.867399224293
209 0.818349440488
210 0.0
211 0.0
212 0.0
213 0.0
214 0.0
215 0.0
216 0.0
217 0.0
218 0.0
219 0.0
220 0.0
221 0.0
222 0.0
223 0.0
224 0.0
225 0.0
226 0.867399224293
227 0.0
228 0.0
229 0.0
230 0.0
231 0.0
232 0.0
233 0.0
234 0.0
235 0.0
236 0.0
237 0.0
238 0.0
239 0.0
240 0.0
241 0.867399224293
242 0.0
243 0.0
244 0.0
245 0.0
246 0.0
247 0.0
248 0.0
249 0.0
250 0.0
251 0.813333333333
252 0.867399224293
253 0.0
254 0.0
255 0.0
256 0.0
257 0.0
258 0.867399224293
259 0.0
260 0.0
261 0.867399224293
262 0.0
263 0.0
264 0.0
265 0.0
266 0.818349440488
267 0.0
268 0.0
269 0.0
270 0.0
271 0.0
272 0.0
273 0.0
274 0.0
275 0.0
276 0.0
277 0.0
278 0.0
279 0.0
280 0.0
281 0.0
282 0.0
283 0.0
284 0.0
285 0.0
286 0.0
287 0.0
288 0.0
289 0.0
290 0.0
291 0.0
292 0.0
293 0.0
294 0.0
295 0.0
296 0.0
297 0.0
298 0.0
299 0.790095238095
