0 0.0
1 9.29746607218
2 18.5949321444
3 39.7430121778
4 38.8756129535
5 46.4873303609
6 37.1898642887
7 120.867058938
8 58.386994106
9 65.9496617295
10 55.7847964331
11 158.056923227
12 19.4623313687
13 38.9246627373
14 20.2316310253
15 56.6521956574
16 49.0895280338
17 29.6271966651
18 66.76801117
19 65.4143454175
20 78.7167246989
21 30.4945958894
22 19.7944142809
23 49.2462073922
24 32.175328447
25 28.7597974408
26 48.3509783219
27 28.2244811288
28 10.1648652965
29 19.4623313687
30 22.756524712
31 13.5854124098
32 31.6450282422
33 0.0
34 23.7502777063
35 23.7502777063
36 14.2982036617
37 29.0918803531
38 28.2244811288
39 18.9270150566
40 1.68574866478
41 11.8455978541
42 18.9270150566
43 1.73479844859
44 20.6618135052
45 11.3152976492
46 3.46959689717
47 18.8779652728
48 11.2662478654
49 11.364347433
50 21.6858920879
51 2.55314788907
52 12.1826968735
53 9.58049920062
54 12.1053928873
55 29.0918803531
56 0.0
57 11.8506139613
58 6.02274478625
59 3.46959689717
60 10.4428823178
61 8.76214976013
62 2.55314788907
63 22.6513908798
64 10.4969482087
65 10.4478984249
66 3.42054711337
67 4.28794633766
68 3.37149732956
69 3.42054711337
70 11.237993663
71 10.1158155127
72 12.1826968735
73 17.5242995203
74 0.0
75 10.4969482087
76 1.63669888098
77 0.867399224293
78 0.0
79 2.50409810527
80 6.73296244482
81 9.62954898443
82 4.23889655386
83 3.42054711337
84 1.68574866478
85 12.9519965302
86 24.2572619651
87 3.42054711337
88 13.001046314
89 1.68574866478
90 3.46959689717
91 8.76214976013
92 0.790095238095
93 0.867399224293
94 1.68073255763
95 1.73479844859
96 1.73479844859
97 3.33822702001
98 12.0771386849
99 0.867399224293
100 1.63168277382
101 1.68073255763
102 12.1236148754
103 1.68073255763
104 10.4478984249
105 10.4969482087
106 0.867399224293
107 12.2317466573
108 1.73479844859
109 9.62954898443
110 0.818349440488
111 1.73479844859
112 0.0
113 1.68574866478
114 1.73479844859
115 0.813333333333
116 0.818349440488
117 0.867399224293
118 1.73479844859
119 2.49406589096
120 0.867399224293
121 11.2870434468
122 1.68073255763
123 0.0
124 8.76214976013
125 0.0
126 5.05222988719
127 17.5242995203
128 0.867399224293
129 0.867399224293
130 0.0
131 0.867399224293
132 0.0
133 0.0
134 1.73479844859
135 1.63168277382
136 0.867399224293
137 0.867399224293
138 0.818349440488
139 0.0
140 9.58049920062
141 0.867399224293
142 0.818349440488
143 0.867399224293
144 1.62666666667
145 1.63168277382
146 1.63669888098
147 3.36146511525
148 1.68574866478
149 2.42679411907
150 2.50409810527
151 0.867399224293
152 1.68574866478
153 2.60219767288
154 1.68073255763
155 0.0
156 0.0
157 0.813333333333
158 0.790095238095
159 1.73479844859
160 0.0
161 0.867399224293
162 1.68574866478
163 1.68574866478
164 0.0
165 0.818349440488
166 0.867399224293
167 0.0
168 0.867399224293
169 1.63669888098
170 0.818349440488
171 1.68073255763
172 0.867399224293
173 1.63669888098
174 0.867399224293
175 0.0
176 0.790095238095
177 1.68574866478
178 0.0
179 0.0
180 1.73479844859
181 0.0
182 0.0
183 8.76214976013
184 0.0
185 1.68574866478
186 0.0
187 0.867399224293
188 0.867399224293
189 0.813333333333
190 0.0
191 9.58049920062
192 0.0
193 0.0
194 0.0
195 0.818349440488
196 0.0
197 0.0
198 0.818349440488
199 0.867399224293
200 1.73479844859
201 1.73479844859
202 0.0
203 0.0
204 0.818349440488
205 0.0
206 0.0
207 0.0
208 0.818349440488
209 0.0
210 0.0
211 0.0
212 0.0
213 0.867399224293
214 0.0
215 0.0
216 0.0
217 0.0
218 0.0
219 0.813333333333
220 0.0
221 0.0
222 0.0
223 0.818349440488
224 1.68073255763
225 0.0
226 0.0
227 0.0
228 0.0
229 1.73479844859
230 0.867399224293
231 0.867399224293
232 0.0
233 0.0
234 0.0
235 0.0
236 0.0
237 0.0
238 0.867399224293
239 1.68574866478
240 0.0
241 0.0
242 0.813333333333
243 9.58049920062
244 0.818349440488
245 0.818349440488
246 0.0
247 0.0
248 1.73479844859
249 0.813333333333
250 0.0
251 0.0
252 0.0
253 0.818349440488
254 0.0
255 0.0
256 0.0
257 0.0
258 0.867399224293
259 0.0
260 0.0
261 0.0
262 0.0
263 0.0
264 0.0
265 0.0
266 0.0
267 1.73479844859
268 0.0
269 0.0
270 0.0
271 0.0
272 0.0
273 0.0
274 0.0
275 0.0
276 0.0
277 0.0
278 0.0
279 0.0
280 0.0
281 0.0
282 0.0
283 0.0
284 0.0
285 0.0
286 0.0
287 0.0
288 0.0
289 0.0
290 0.0
291 0.0
292 0.867399224293
293 0.0
294 0.0
295 0.0
296 0.0
297 0.0
298 0.0
299 0.0
