0 0.0
1 0.0
2 0.0
3 0.0
4 0.0
5 0.0
6 0.0
7 0.0
8 0.0
9 0.0
10 0.0
11 18.9139433542
12 82.7371922194
13 53.6085244088
14 37.0503927358
15 25.0644217659
16 36.0048737248
17 57.6614835153
18 39.5134725847
19 30.8886632912
20 14.0937775151
21 9.96269615297
22 10.2941076921
23 9.15263435963
24 7.08905590296
25 5.82165419893
26 6.96312753145
27 4.93350605528
28 5.43868798717
29 7.95960635451
30 7.36369143532
31 9.5797299412
32 2.49067403824
33 10.6242223459
34 3.33098016069
35 4.17128628314
36 18.7401370561
37 2.44283201704
38 1.29764603313
39 1.65036791579
40 1.65036791579
41 25.4196950696
42 21.2308110943
43 1.60252589459
44 4.90326172618
45 2.97825827803
46 3.78832007137
47 18.8182234064
48 0.0
49 1.65036791579
50 1.60252589459
51 3.78832007137
52 3.33098016069
53 2.41258768794
54 0.0
55 0.840306122449
56 0.840306122449
57 4.62862619382
58 5.39084596596
59 1.29764603313
60 2.49067403824
61 2.52091836735
62 1.6806122449
63 0.0
64 4.98134807649
65 1.52443954429
66 5.74356784863
67 0.840306122449
68 11.4947727975
69 13.1148963841
70 10.7023086962
71 2.90017192772
72 6.69220465049
73 3.25289381039
74 7.52879812154
75 2.49067403824
76 6.20090775931
77 22.1113580432
78 9.5797299412
79 5.82165419893
80 13.9475654064
81 9.93245182387
82 9.04430368021
83 2.49067403824
84 36.8842594433
85 39.7540154815
86 20.226559516
87 36.1799410029
88 48.8059562619
89 88.1319626342
90 15.6836567727
91 0.0
92 0.0
93 0.0
94 0.0
95 0.0
96 0.0
97 0.0
98 0.0
99 0.0
