0 0.0
1 73.017689103
2 55.9556364781
3 27.6849083874
4 30.9202045057
5 58.0620833245
6 40.4192543258
7 26.3480840396
8 52.3423836849
9 62.8657767965
10 24.8060468032
11 27.2488788203
12 16.2416902626
13 26.561032747
14 27.9582470344
15 41.1601278491
16 30.8407853646
17 16.4860814658
18 5.82165419893
19 23.1254345583
20 12.4357724991
21 34.5195137766
22 15.7139011018
23 7.92936202541
24 13.8771161563
25 20.4092638943
26 20.2341966162
27 13.1929827344
28 9.10107968703
29 19.4719768441
30 35.3119419724
31 38.572472883
32 7.37633807232
33 4.14104195404
34 3.3612244898
35 7.92936202541
36 5.43868798717
37 11.0337202354
38 0.840306122449
39 11.1822558358
40 6.55362964197
41 4.14104195404
42 3.30073583159
43 6.63171599228
44 2.94801394892
45 0.0
46 5.0859661045
47 13.1148963841
48 3.74047805017
49 0.840306122449
50 2.90017192772
51 4.42461147201
52 0.0
53 0.762219772143
54 1.60252589459
55 2.52091836735
56 0.0
57 3.33098016069
58 1.29764603313
59 0.0
60 9.86200257376
61 0.0
62 4.90326172618
63 1.29764603313
64 4.62862619382
65 0.0
66 0.0
67 0.0
68 0.0
69 0.840306122449
70 0.0
71 9.05194078041
72 0.0
73 0.0
74 0.0
75 0.840306122449
76 0.0
77 0.0
78 1.65036791579
79 1.65036791579
80 1.65036791579
81 0.840306122449
82 0.0
83 1.29764603313
84 0.0
85 0.0
86 0.0
87 1.65036791579
88 0.0
89 0.762219772143
90 1.65036791579
91 0.0
92 0.0
93 0.0
94 0.0
95 0.0
96 0.0
97 0.0
98 0.0
99 0.0
100 0.0
101 0.0
102 0.0
103 0.0
104 0.0
105 0.0
106 0.0
107 0.0
108 0.0
109 0.0
110 0.0
111 0.0
112 0.0
113 0.840306122449
114 2.49067403824
115 1.52443954429
116 0.0
117 0.0
118 0.0
119 0.0
120 0.0
121 0.0
122 0.0
123 0.0
124 0.0
125 0.0
126 0.0
127 0.0
128 0.0
129 0.0
130 0.0
131 0.0
132 0.0
133 0.0
134 0.0
135 0.0
136 0.0
137 0.0
138 0.0
139 0.0
140 0.0
141 0.0
142 0.840306122449
143 0.840306122449
144 0.0
145 0.0
146 0.0
147 0.0
148 0.0
149 0.0
150 0.0
151 0.0
152 0.0
153 0.0
154 0.0
155 0.0
156 0.0
157 0.0
158 0.0
159 0.0
160 0.0
161 0.0
162 0.0
163 0.0
164 0.762219772143
165 0.0
166 0.0
167 0.0
168 0.0
169 0.0
170 0.0
171 0.0
172 0.0
173 0.0
174 0.0
175 0.762219772143
176 0.0
177 0.0
178 0.0
179 0.0
180 0.0
181 0.0
182 0.0
183 0.0
184 0.0
185 0.0
186 0.0
187 0.0
188 0.0
189 0.0
190 0.0
191 0.0
192 0.0
193 0.0
194 0.0
195 0.0
196 0.0
197 0.0
198 0.0
199 0.0
200 0.0
201 0.0
202 0.0
203 0.0
204 0.0
205 0.0
206 0.0
207 0.0
208 0.0
209 0.0
210 0.0
211 0.0
212 0.0
213 0.0
214 0.0
215 0.0
216 0.0
217 0.0
218 0.0
219 0.0
220 0.0
221 0.0
222 0.0
223 0.0
224 0.0
225 0.0
226 0.0
227 0.0
228 0.0
229 0.0
230 0.0
231 0.0
232 0.0
233 0.0
234 0.0
235 0.0
236 0.0
237 0.0
238 0.0
239 0.0
240 0.0
241 0.0
242 0.0
243 0.0
244 0.0
245 0.0
246 0.0
247 0.0
248 0.0
249 0.0
250 0.0
251 0.0
252 0.0
253 0.0
254 0.0
255 0.0
256 0.0
257 0.0
258 0.0
259 0.0
260 0.0
261 0.0
262 0.0
263 0.0
264 0.0
265 0.0
266 0.0
267 0.0
268 0.0
269 0.0
270 0.0
271 0.0
272 0.0
273 0.0
274 0.0
275 0.0
276 0.0
277 0.0
278 0.0
279 0.0
280 0.0
281 0.0
282 0.0
283 0.0
284 0.0
285 0.0
286 0.0
287 0.0
288 0.0
289 0.0
290 0.0
291 0.0
292 0.0
293 0.0
294 0.0
295 0.0
296 0.0
297 0.0
298 0.0
299 0.0
