0 0.0
1 0.0
2 5.01159240559
3 21.3743730633
4 10.7727579463
5 33.2307658237
6 30.2650185276
7 46.0318842661
8 14.103738107
9 30.1742855403
10 42.0659095902
11 47.4076166495
12 28.5162805243
13 77.991499829
14 28.8074512371
15 54.2484925555
16 36.2705752716
17 28.5943668746
18 35.5651315062
19 33.806432911
20 42.3355581621
21 29.0214624562
22 10.7249159251
23 22.2675307438
24 10.7727579463
25 28.4760756033
26 8.79991247696
27 11.9923176291
28 12.1271799863
29 19.3938904938
30 18.5838287004
31 6.61411830018
32 13.9552025066
33 11.9923176291
34 15.7101884504
35 15.4796420509
36 5.74356784863
37 5.74356784863
38 15.3006905609
39 0.840306122449
40 17.7913645992
41 14.2387720246
42 6.66196032138
43 8.15615553656
44 3.3612244898
45 7.42046744213
46 4.98134807649
47 13.1929827344
48 2.41258768794
49 10.3495868135
50 0.840306122449
51 1.6806122449
52 2.49067403824
53 3.3575118384
54 11.5426148187
55 0.840306122449
56 2.49067403824
57 1.65036791579
58 1.29764603313
59 0.762219772143
60 3.33098016069
61 2.97825827803
62 0.0
63 1.65036791579
64 2.90017192772
65 1.65036791579
66 0.0
67 0.0
68 0.0
69 2.05986580527
70 1.29764603313
71 1.6806122449
72 2.36474566673
73 0.0
74 2.94801394892
75 0.840306122449
76 0.0
77 0.840306122449
78 0.762219772143
79 0.0
80 0.0
81 0.840306122449
82 1.29764603313
83 1.65036791579
84 0.0
85 1.29764603313
86 0.0
87 0.0
88 0.840306122449
89 0.0
90 1.65036791579
91 1.65036791579
92 0.0
93 0.0
94 0.0
95 0.0
96 0.0
97 0.0
98 0.762219772143
99 0.0
100 0.840306122449
101 1.65036791579
102 0.0
103 0.0
104 0.0
105 0.0
106 0.0
107 1.29764603313
108 0.0
109 0.0
110 1.6806122449
111 0.0
112 0.0
113 0.762219772143
114 0.0
115 0.0
116 0.0
117 0.0
118 0.0
119 0.0
120 0.0
121 0.0
122 0.762219772143
123 0.0
124 0.0
125 0.0
126 0.0
127 0.0
128 0.0
129 0.0
130 0.0
131 0.0
132 0.0
133 0.0
134 0.0
135 0.0
136 0.0
137 0.0
138 0.0
139 0.0
140 0.0
141 0.0
142 0.0
143 0.0
144 0.0
145 0.0
146 0.0
147 0.0
148 0.0
149 0.0
150 0.0
151 0.0
152 0.840306122449
153 0.0
154 0.0
155 0.0
156 0.0
157 0.840306122449
158 0.840306122449
159 0.0
160 0.0
161 0.0
162 0.0
163 0.0
164 0.0
165 0.0
166 0.0
167 0.0
168 0.0
169 0.0
170 0.0
171 0.0
172 0.0
173 0.0
174 0.0
175 0.0
176 0.0
177 0.0
178 0.0
179 0.840306122449
180 0.840306122449
181 0.0
182 0.0
183 0.0
184 0.0
185 0.0
186 0.0
187 0.0
188 0.0
189 0.0
190 0.0
191 0.0
192 0.0
193 0.0
194 0.0
195 0.0
196 0.0
197 0.0
198 0.0
199 0.0
200 0.0
201 0.0
202 0.0
203 0.0
204 0.0
205 0.0
206 0.0
207 0.0
208 0.0
209 0.0
210 0.0
211 0.0
212 0.0
213 0.0
214 0.0
215 0.0
216 0.0
217 0.0
218 0.0
219 0.0
220 0.0
221 0.0
222 0.0
223 0.0
224 0.0
225 0.0
226 0.0
227 0.0
228 0.0
229 0.0
230 0.0
231 0.0
232 0.0
233 0.0
234 0.0
235 0.0
236 0.0
237 0.0
238 0.0
239 0.0
240 0.0
241 0.0
242 0.0
243 0.0
244 0.0
245 0.0
246 0.0
247 0.0
248 0.0
249 0.0
250 0.0
251 0.0
252 0.0
253 0.0
254 0.0
255 0.0
256 0.0
257 0.0
258 0.0
259 0.0
260 0.0
261 0.0
262 0.0
263 0.0
264 0.0
265 0.0
266 0.0
267 0.0
268 0.0
269 0.0
270 0.0
271 0.0
272 0.0
273 0.0
274 0.0
275 0.0
276 0.0
277 0.0
278 0.0
279 0.0
280 0.0
281 0.0
282 0.0
283 0.0
284 0.0
285 0.0
286 0.0
287 0.0
288 0.0
289 0.0
290 0.0
291 0.0
292 0.0
293 0.0
294 0.0
295 0.0
296 0.0
297 0.0
298 0.0
299 0.0
