0 0.0
1 0.0
2 0.840306122449
3 3.33098016069
4 0.0
5 22.6065434778
6 0.0
7 0.0
8 26.1895519419
9 0.762219772143
10 18.1038815608
11 0.0
12 7.39393576442
13 9.25725238764
14 16.1409966834
15 29.5205321026
16 19.3636461647
17 5.01159240559
18 6.63171599228
19 9.07454800932
20 7.44177778562
21 4.14104195404
22 6.63171599228
23 28.4458312742
24 7.07145821086
25 21.152589089
26 19.5728419837
27 18.9365505831
28 43.8246081854
29 34.8987673369
30 26.3381234477
31 18.906306254
32 23.9255357598
33 66.5874959242
34 10.694671596
35 36.1522480949
36 46.824312462
37 12.4496575398
38 20.2820386374
39 6.63171599228
40 17.2383406461
41 12.3350789199
42 26.0029992571
43 19.0587663032
44 20.186354595
45 11.1822558358
46 10.7249159251
47 6.87119637742
48 4.98134807649
49 22.7022634255
50 15.6534124436
51 7.50226644383
52 1.29764603313
53 11.6874377677
54 11.5615093962
55 9.86200257376
56 4.14104195404
57 9.15263435963
58 11.1596486069
59 10.7325530253
60 3.30073583159
61 4.09319993283
62 4.14104195404
63 4.09319993283
64 2.36474566673
65 4.93350605528
66 6.58387397108
67 6.50578762077
68 14.1076625558
69 3.81856440048
70 4.14104195404
71 4.14104195404
72 13.1929827344
73 0.762219772143
74 2.52091836735
75 4.93350605528
76 4.14104195404
77 1.65036791579
78 3.30073583159
79 0.0
80 2.49067403824
81 0.0
82 4.59838186472
83 1.65036791579
84 3.78832007137
85 18.9139433542
86 3.25289381039
87 0.840306122449
88 1.29764603313
89 2.90017192772
90 1.65036791579
91 1.6806122449
92 0.762219772143
93 2.49067403824
94 9.50928069109
95 0.0
96 0.0
97 0.840306122449
98 0.0
99 2.41258768794
100 1.65036791579
101 0.0
102 2.13795215558
103 1.29764603313
104 0.840306122449
105 0.0
106 3.30073583159
107 0.0
108 0.0
109 0.0
110 0.840306122449
111 0.0
112 0.840306122449
113 0.840306122449
114 1.60252589459
115 0.840306122449
116 0.0
117 0.0
118 0.0
119 1.65036791579
120 0.0
121 1.29764603313
122 0.0
123 1.65036791579
124 0.0
125 0.762219772143
126 0.0
127 2.97825827803
128 0.0
129 0.0
130 0.0
131 0.0
132 0.0
133 0.840306122449
134 0.762219772143
135 0.0
136 3.30073583159
137 0.0
138 1.60252589459
139 0.0
140 0.0
141 0.0
142 0.0
143 2.13795215558
144 0.0
145 0.0
146 0.0
147 0.0
148 0.0
149 0.0
150 0.0
151 0.0
152 0.0
153 0.0
154 0.0
155 0.0
156 0.0
157 1.65036791579
158 0.0
159 0.0
160 0.0
161 0.840306122449
162 0.0
163 0.840306122449
164 0.0
165 0.0
166 0.0
167 0.0
168 0.0
169 0.0
170 0.0
171 0.0
172 0.0
173 0.0
174 0.0
175 0.0
176 0.840306122449
177 0.0
178 0.0
179 0.0
180 0.0
181 0.840306122449
182 0.0
183 0.0
184 0.0
185 0.0
186 0.0
187 0.0
188 0.0
189 0.0
190 0.0
191 0.0
192 0.0
193 0.0
194 0.0
195 0.0
196 0.0
197 0.0
198 0.0
199 0.0
200 0.0
201 0.0
202 0.0
203 0.0
204 0.0
205 0.0
206 0.0
207 0.0
208 0.0
209 0.0
210 0.0
211 0.0
212 0.0
213 0.0
214 1.29764603313
215 0.0
216 0.0
217 0.0
218 0.0
219 0.0
220 0.0
221 0.0
222 0.0
223 0.0
224 0.0
225 0.0
226 0.0
227 0.0
228 0.0
229 0.0
230 0.0
231 0.0
232 0.0
233 0.0
234 0.0
235 0.0
236 0.0
237 0.0
238 0.0
239 0.0
240 0.0
241 1.52443954429
242 0.0
243 0.0
244 0.0
245 0.0
246 0.0
247 0.0
248 0.0
249 0.0
250 0.0
251 0.0
252 0.0
253 0.0
254 0.0
255 0.0
256 0.0
257 0.0
258 0.0
259 0.0
260 0.0
261 0.0
262 0.0
263 0.0
264 0.0
265 0.0
266 0.0
267 0.0
268 0.0
269 0.0
270 0.0
271 0.0
272 0.0
273 0.0
274 0.0
275 0.0
276 0.0
277 0.0
278 0.0
279 0.0
280 0.0
281 0.0
282 0.0
283 0.0
284 0.0
285 0.0
286 0.0
287 0.0
288 0.0
289 0.0
290 0.0
291 0.0
292 0.0
293 0.0
294 0.0
295 0.0
296 0.0
297 0.0
298 0.0
299 0.0
