0 0.0
1 0.0
2 1.65036791579
3 17.9779172839
4 0.0
5 0.0
6 0.0
7 0.0
8 0.840306122449
9 35.9558345679
10 0.0
11 0.0
12 0.0
13 0.762219772143
14 0.840306122449
15 4.98134807649
16 2.94801394892
17 0.840306122449
18 2.13795215558
19 1.6806122449
20 4.06295560373
21 0.0
22 0.0
23 37.6062024837
24 3.30073583159
25 3.33098016069
26 0.840306122449
27 9.05194078041
28 0.0
29 4.14104195404
30 1.65036791579
31 4.95110374738
32 17.9779172839
33 2.49067403824
34 3.30073583159
35 2.49067403824
36 13.1929827344
37 4.09319993283
38 13.1627384053
39 10.7325530253
40 2.49067403824
41 15.6055704224
42 6.24874978051
43 1.65036791579
44 6.60147166317
45 17.3037803594
46 4.95110374738
47 6.63171599228
48 4.95110374738
49 1.6806122449
50 1.60252589459
51 5.82165419893
52 3.30073583159
53 14.8433506502
54 6.63171599228
55 8.28208390807
56 13.6805669742
57 10.7023086962
58 10.7023086962
59 18.0736372317
60 6.66196032138
61 1.65036791579
62 1.29764603313
63 8.21163465796
64 19.401527594
65 3.28313813949
66 18.0736372317
67 9.89224690286
68 2.49067403824
69 0.0
70 1.65036791579
71 4.98134807649
72 10.3495868135
73 1.65036791579
74 8.21163465796
75 12.2745902617
76 4.98134807649
77 2.49067403824
78 12.352676612
79 4.06295560373
80 1.60252589459
81 4.14104195404
82 14.8433506502
83 8.21163465796
84 13.1929827344
85 2.13795215558
86 0.840306122449
87 4.95110374738
88 6.58387397108
89 7.47202211473
90 11.5123704896
91 0.840306122449
92 1.6806122449
93 1.65036791579
94 1.65036791579
95 1.65036791579
96 2.52091836735
97 4.09319993283
98 1.65036791579
99 2.13795215558
100 3.17480746008
101 10.654466675
102 1.65036791579
103 1.65036791579
104 0.840306122449
105 4.06295560373
106 19.7240051475
107 9.86200257376
108 10.6242223459
109 2.49067403824
110 12.8402608518
111 2.49067403824
112 12.8100165227
113 2.94801394892
114 5.46893231627
115 4.14104195404
116 0.0
117 0.762219772143
118 11.5728591478
119 9.05194078041
120 1.65036791579
121 1.65036791579
122 0.0
123 1.60252589459
124 1.65036791579
125 1.6806122449
126 2.44283201704
127 3.25289381039
128 11.386442118
129 3.30073583159
130 9.05194078041
131 4.14104195404
132 4.95110374738
133 3.33098016069
134 3.28313813949
135 5.69572582743
136 5.82165419893
137 3.30073583159
138 0.0
139 2.94801394892
140 0.762219772143
141 9.86200257376
142 2.49067403824
143 1.6806122449
144 0.840306122449
145 11.921868379
146 1.60252589459
147 2.13795215558
148 0.0
149 0.840306122449
150 1.29764603313
151 5.36060163686
152 3.30073583159
153 9.50928069109
154 8.21163465796
155 0.840306122449
156 1.29764603313
157 4.14104195404
158 2.49067403824
159 10.7023086962
160 8.21163465796
161 2.49067403824
162 1.6806122449
163 2.13795215558
164 0.840306122449
165 3.25289381039
166 1.29764603313
167 1.6806122449
168 1.6806122449
169 0.0
170 4.09319993283
171 3.81856440048
172 0.840306122449
173 0.840306122449
174 2.13795215558
175 2.13795215558
176 8.21163465796
177 1.29764603313
178 11.5426148187
179 0.0
180 2.97825827803
181 0.762219772143
182 2.49067403824
183 0.0
184 0.0
185 1.29764603313
186 0.762219772143
187 0.0
188 2.36474566673
189 1.6806122449
190 0.840306122449
191 0.0
192 0.762219772143
193 9.86200257376
194 1.65036791579
195 2.94801394892
196 0.0
197 0.840306122449
198 0.840306122449
199 0.762219772143
200 1.65036791579
201 0.0
202 0.762219772143
203 1.6806122449
204 0.762219772143
205 0.0
206 8.21163465796
207 0.0
208 0.840306122449
209 1.6806122449
210 0.0
211 0.0
212 0.840306122449
213 0.840306122449
214 0.0
215 0.0
216 0.840306122449
217 0.0
218 0.0
219 0.762219772143
220 0.0
221 1.60252589459
222 0.0
223 0.0
224 0.0
225 1.29764603313
226 0.0
227 0.840306122449
228 0.762219772143
229 0.0
230 0.0
231 2.94801394892
232 0.762219772143
233 0.840306122449
234 0.0
235 0.0
236 0.0
237 0.0
238 1.65036791579
239 0.0
240 0.0
241 0.0
242 0.840306122449
243 1.60252589459
244 0.0
245 2.94801394892
246 0.0
247 0.0
248 1.65036791579
249 0.0
250 0.762219772143
251 0.0
252 0.0
253 0.0
254 0.840306122449
255 0.840306122449
256 1.65036791579
257 0.0
258 0.0
259 0.0
260 0.762219772143
261 0.0
262 0.0
263 0.0
264 1.65036791579
265 0.840306122449
266 0.0
267 0.0
268 0.0
269 0.840306122449
270 0.0
271 0.0
272 0.0
273 0.0
274 0.0
275 0.0
276 0.0
277 0.0
278 0.0
279 0.0
280 1.65036791579
281 0.840306122449
282 1.65036791579
283 1.65036791579
284 0.840306122449
285 0.0
286 0.0
287 4.95110374738
288 0.0
289 0.0
290 0.0
291 0.0
292 1.65036791579
293 0.840306122449
294 0.0
295 0.0
296 0.762219772143
297 0.0
298 0.0
299 1.65036791579
