0 0.0
1 0.0
2 0.0
3 0.0
4 0.0
5 0.0
6 0.0
7 0.0
8 0.0
9 0.0
10 0.0
11 182.667057956
12 470.549614804
13 302.991941934
14 175.519090793
15 122.862639652
16 103.442492282
17 86.6575039781
18 57.3081252934
19 44.2639569891
20 40.0920607608
21 27.9587466087
22 27.0478924565
23 29.8291566087
24 21.9164403804
25 20.4771066087
26 16.3052103804
27 11.6535362282
28 14.4835020761
29 20.5258083043
30 23.3070724565
31 15.3943562282
32 17.6958424565
33 10.7426820761
34 15.3943562282
35 7.00186207608
36 10.2629041522
37 15.8254324565
38 12.1333141522
39 13.5239462282
40 16.3052103804
41 7.00186207608
42 7.00186207608
43 8.39249415216
44 6.95316038041
45 8.87227207608
46 6.04230622825
47 8.39249415216
48 12.6130920761
49 10.6939803804
50 8.39249415216
51 14.4348003804
52 26.5681145326
53 13.5239462282
54 20.5258083043
55 25.1774824565
56 28.8696007608
57 25.1287807608
58 22.8272945326
59 19.0864745326
60 20.9568845326
61 35.9201645326
62 31.2197886847
63 28.8696007608
64 24.6977045326
65 22.8272945326
66 14.4348003804
67 32.6591224565
68 28.8208990651
69 11.6048345326
70 39.1812066087
71 26.5681145326
72 34.4808307608
73 31.2197886847
74 38.2216507608
75 41.9624707608
76 28.4385245326
77 34.9606086847
78 64.7410635977
79 51.6968952934
80 74.524189826
81 62.4395773695
82 81.0462739781
83 98.7421164346
84 103.011416054
85 116.917736815
86 175.66519588
87 223.190194945
88 318.622567608
89 476.738026119
90 150.821386261
91 0.0
92 0.0
93 0.0
94 0.0
95 0.0
96 0.0
97 0.0
98 0.0
99 0.0
