0 0.0
1 0.0
2 0.0
3 0.0
4 0.0
5 0.0
6 0.0
7 0.0
8 0.0
9 0.0
10 0.0
11 0.0
12 0.0
13 0.0
14 0.0
15 0.0
16 0.0
17 0.0
18 0.0
19 0.0
20 0.0
21 0.0
22 0.0
23 0.0
24 0.0
25 0.0
26 0.0
27 0.0
28 0.0
29 0.0
30 0.0
31 0.0
32 0.0
33 0.0
34 0.0
35 0.0
36 0.0
37 0.0
38 36.3512407608
39 64.3099873695
40 69.4414394456
41 56.4459728369
42 65.1234381303
43 85.2668719021
44 63.3504315216
45 63.7815077499
46 78.7447877499
47 74.524189826
48 75.4350439781
49 82.9166839781
50 68.0995090651
51 84.2586143585
52 78.3137115216
53 72.2227035977
54 68.9616615216
55 89.4387681303
56 55.3403119021
57 72.2227035977
58 79.2245656738
59 84.8357956738
60 63.3991332173
61 78.7447877499
62 76.4433015216
63 71.7916273695
64 79.6556419021
65 86.2264277499
66 61.0002435977
67 78.6960860542
68 76.394599826
69 63.3504315216
70 46.5654432173
71 53.5673052934
72 57.3568269891
73 49.8751869891
74 53.1362290651
75 40.9542132173
76 55.0066390651
77 46.0856652934
78 47.5737007608
79 52.225374913
80 49.8264852934
81 47.5249990651
82 49.3954090651
83 43.3044011412
84 28.3898228369
85 41.8650673695
86 44.743734913
87 35.4403866087
88 37.2133932173
89 41.9624707608
90 36.7823169891
91 41.4826928369
92 26.5681145326
93 31.6995666087
94 25.6572603804
95 24.6977045326
96 36.2538373695
97 21.4366624565
98 28.9183024565
99 26.9991907608
100 24.2666283043
101 25.6572603804
102 27.9587466087
103 35.4403866087
104 36.7823169891
105 20.5258083043
106 34.5295324565
107 26.1370383043
108 14.9145783043
109 13.9550224565
110 22.8272945326
111 25.6085586847
112 11.1737583043
113 22.3475166087
114 17.7445441522
115 23.7381486847
116 18.1756203804
117 14.4835020761
118 15.3943562282
119 13.5239462282
120 15.3943562282
121 22.8272945326
122 13.0441683043
123 15.8254324565
124 14.9145783043
125 16.7362866087
126 9.30334830433
127 18.1756203804
128 20.9568845326
129 12.5643903804
130 18.6553983043
131 9.78312622825
132 9.78312622825
133 11.6535362282
134 11.6535362282
135 7.91271622825
136 14.9145783043
137 11.6535362282
138 7.00186207608
139 6.04230622825
140 1.87041
141 3.74082
142 9.78312622825
143 4.65167415216
144 15.3943562282
145 11.6535362282
146 7.91271622825
147 18.1756203804
148 7.91271622825
149 12.5643903804
150 4.17189622825
151 7.91271622825
152 6.04230622825
153 5.61123
154 2.78126415216
155 12.1333141522
156 8.87227207608
157 6.52208415216
158 6.52208415216
159 6.52208415216
160 7.00186207608
161 6.04230622825
162 6.52208415216
163 5.13145207608
164 7.43293830433
165 6.52208415216
166 10.6939803804
167 2.78126415216
168 8.39249415216
169 1.87041
170 7.43293830433
171 4.17189622825
172 6.52208415216
173 5.56252830433
174 3.26104207608
175 6.04230622825
176 10.2629041522
177 0.0
178 0.0
179 2.78126415216
180 1.87041
181 1.39063207608
182 3.26104207608
183 6.52208415216
184 3.26104207608
185 3.26104207608
186 1.87041
187 3.74082
188 2.78126415216
189 3.74082
190 2.78126415216
191 4.65167415216
192 6.52208415216
193 5.13145207608
194 3.74082
195 2.78126415216
196 0.0
197 5.13145207608
198 1.87041
199 1.87041
200 0.0
201 1.39063207608
202 3.26104207608
203 1.39063207608
204 6.52208415216
205 3.26104207608
206 1.39063207608
207 2.78126415216
208 5.61123
209 1.39063207608
210 0.0
211 0.0
212 2.78126415216
213 3.74082
214 3.26104207608
215 0.0
216 1.87041
217 2.78126415216
218 0.0
219 0.0
220 0.0
221 1.87041
222 0.0
223 0.0
224 3.74082
225 1.87041
226 0.0
227 1.39063207608
228 1.39063207608
229 0.0
230 1.87041
231 1.87041
232 0.0
233 0.0
234 0.0
235 0.0
236 0.0
237 1.39063207608
238 1.39063207608
239 0.0
240 1.87041
241 0.0
242 0.0
243 0.0
244 0.0
245 5.13145207608
246 0.0
247 1.87041
248 0.0
249 0.0
250 1.87041
251 0.0
252 1.87041
253 1.87041
254 1.87041
255 0.0
256 0.0
257 3.26104207608
258 0.0
259 0.0
260 2.78126415216
261 0.0
262 3.26104207608
263 3.26104207608
264 1.39063207608
265 0.0
266 1.87041
267 1.39063207608
268 3.26104207608
269 3.74082
270 0.0
271 1.39063207608
272 0.0
273 3.74082
274 0.0
275 0.0
276 0.0
277 0.0
278 0.0
279 0.0
280 0.0
281 0.0
282 1.87041
283 0.0
284 1.39063207608
285 1.39063207608
286 0.0
287 3.74082
288 0.0
289 0.0
290 0.0
291 1.87041
292 0.0
293 0.0
294 0.0
295 0.0
296 0.0
297 0.0
298 1.87041
299 0.0
