0 0.0
1 9.30334830433
2 9.78312622825
3 10.6939803804
4 8.39249415216
5 9.30334830433
6 11.6535362282
7 5.13145207608
8 9.78312622825
9 5.13145207608
10 7.91271622825
11 11.6535362282
12 6.04230622825
13 20.0947320761
14 7.00186207608
15 12.0846124565
16 14.9145783043
17 10.7426820761
18 12.5643903804
19 15.8254324565
20 12.1333141522
21 7.91271622825
22 12.0846124565
23 6.52208415216
24 11.6535362282
25 12.9954666087
26 10.2629041522
27 10.2629041522
28 10.2142024565
29 8.34379245649
30 5.13145207608
31 9.78312622825
32 9.78312622825
33 16.7849883043
34 8.82357038041
35 6.52208415216
36 22.8272945326
37 13.0441683043
38 11.6535362282
39 13.5239462282
40 20.0460303804
41 4.65167415216
42 13.0441683043
43 17.2647662282
44 17.2647662282
45 13.9550224565
46 10.6939803804
47 17.6958424565
48 13.9550224565
49 4.17189622825
50 14.4348003804
51 19.1351762282
52 23.3070724565
53 12.1333141522
54 21.9164403804
55 21.9164403804
56 10.2629041522
57 28.4872262282
58 7.43293830433
59 7.91271622825
60 12.9954666087
61 13.9550224565
62 14.4835020761
63 18.1756203804
64 18.1756203804
65 35.8714628369
66 31.1710869891
67 16.3052103804
68 37.7418728369
69 36.3999424565
70 27.0478924565
71 33.0901986847
72 27.0478924565
73 27.9587466087
74 39.6122828369
75 28.9183024565
76 29.8291566087
77 26.9991907608
78 40.1407624565
79 28.8696007608
80 40.5718386847
81 40.0920607608
82 37.262094913
83 30.7400107608
84 31.6995666087
85 25.5598569891
86 35.8714628369
87 29.3493786847
88 29.3493786847
89 31.2197886847
90 33.1389003804
91 41.9624707608
92 39.0838032173
93 33.0901986847
94 51.2171173695
95 62.8706535977
96 46.0856652934
97 51.7455969891
98 55.9174932173
99 42.4422486847
100 42.3935469891
101 52.6564511412
102 64.7897652934
103 68.0508073695
104 55.4864169891
105 52.6564511412
106 46.9965194456
107 56.3485694456
108 68.0021056738
109 91.3091781303
110 61.0002435977
111 63.8302094456
112 80.6638994456
113 67.1399532173
114 71.7429256738
115 75.0526694456
116 82.005829826
117 101.954456815
118 66.1316956738
119 65.7006194456
120 93.5619626629
121 69.4414394456
122 99.7503739781
123 71.6942239781
124 83.3964619021
125 65.2208415216
126 86.6088022825
127 54.4781594456
128 42.3448452934
129 49.8751869891
130 48.4358532173
131 44.6950332173
132 42.3935469891
133 41.4339911412
134 46.614144913
135 23.7868503804
136 28.9183024565
137 19.5662524565
138 13.0441683043
139 17.6958424565
140 17.6958424565
141 15.8741341522
142 10.6939803804
143 11.6535362282
144 0.0
145 14.9145783043
146 15.3943562282
147 7.00186207608
148 12.6130920761
149 18.6066966087
150 8.87227207608
151 12.6130920761
152 14.0037241522
153 7.00186207608
154 4.65167415216
155 1.87041
156 8.39249415216
157 2.78126415216
158 1.39063207608
159 1.39063207608
160 1.87041
161 3.26104207608
162 2.78126415216
163 1.87041
164 3.26104207608
165 1.87041
166 3.74082
167 0.0
168 5.61123
169 3.26104207608
170 1.87041
171 1.87041
172 5.61123
173 3.74082
174 0.0
175 0.0
176 7.91271622825
177 1.87041
178 0.0
179 0.0
180 1.39063207608
181 0.0
182 1.87041
183 0.0
184 0.0
185 0.0
186 0.0
187 1.39063207608
188 1.39063207608
189 2.78126415216
190 1.39063207608
191 2.78126415216
192 0.0
193 0.0
194 2.78126415216
195 1.87041
196 1.39063207608
197 1.87041
198 0.0
199 0.0
200 0.0
201 1.87041
202 0.0
203 1.39063207608
204 1.87041
205 1.87041
206 0.0
207 1.39063207608
208 0.0
209 0.0
210 2.78126415216
211 1.39063207608
212 0.0
213 1.87041
214 1.39063207608
215 0.0
216 0.0
217 0.0
218 0.0
219 1.87041
220 0.0
221 0.0
222 0.0
223 0.0
224 0.0
225 3.26104207608
226 0.0
227 0.0
228 0.0
229 0.0
230 0.0
231 0.0
232 1.87041
233 1.87041
234 0.0
235 0.0
236 0.0
237 0.0
238 0.0
239 1.87041
240 0.0
241 1.87041
242 0.0
243 0.0
244 1.39063207608
245 0.0
246 0.0
247 0.0
248 1.87041
249 0.0
250 0.0
251 0.0
252 0.0
253 0.0
254 0.0
255 0.0
256 0.0
257 0.0
258 0.0
259 0.0
260 0.0
261 0.0
262 0.0
263 1.39063207608
264 0.0
265 0.0
266 0.0
267 0.0
268 0.0
269 1.87041
270 0.0
271 0.0
272 0.0
273 0.0
274 0.0
275 0.0
276 0.0
277 0.0
278 0.0
279 0.0
280 0.0
281 0.0
282 0.0
283 0.0
284 0.0
285 2.78126415216
286 0.0
287 0.0
288 1.87041
289 0.0
290 0.0
291 0.0
292 1.87041
293 0.0
294 0.0
295 0.0
296 0.0
297 0.0
298 0.0
299 0.0
