0 0.0
1 0.0
2 4.65167415216
3 5.13145207608
4 3.74082
5 5.13145207608
6 3.74082
7 7.00186207608
8 14.0037241522
9 9.35205
10 13.4752445326
11 12.5643903804
12 8.87227207608
13 22.3475166087
14 18.1269186847
15 29.3980803804
16 14.9145783043
17 20.4771066087
18 32.1306428369
19 32.6104207608
20 35.4403866087
21 15.8254324565
22 41.4339911412
23 29.3493786847
24 30.3089345326
25 41.002914913
26 32.1306428369
27 42.9220266087
28 51.6968952934
29 31.2197886847
30 51.6968952934
31 39.6122828369
32 50.3062632173
33 58.1702777499
34 56.4459728369
35 60.1867928369
36 61.5287232173
37 64.3099873695
38 40.4744352934
39 47.0452211412
40 76.8743777499
41 58.6987573695
42 63.3504315216
43 60.0893894456
44 50.2575615216
45 40.5231369891
46 48.8669294456
47 54.5755628369
48 51.6968952934
49 65.172139826
50 51.7455969891
51 53.0875273695
52 75.5324473695
53 81.5747535977
54 73.6133356738
55 69.8725156738
56 63.3504315216
57 69.0103632173
58 66.6601752934
59 56.3485694456
60 56.8283473695
61 54.9579373695
62 68.9616615216
63 55.4864169891
64 63.8302094456
65 71.7429256738
66 70.8807732173
67 42.3448452934
68 66.1803973695
69 42.873324913
70 31.6995666087
71 62.9680569891
72 63.3991332173
73 42.4422486847
74 55.0066390651
75 45.1261094456
76 39.6122828369
77 39.0838032173
78 38.1729490651
79 45.6545890651
80 48.9643328369
81 45.7032907608
82 55.966194913
83 38.1729490651
84 30.7400107608
85 29.3006769891
86 30.2602328369
87 36.8310186847
88 30.2602328369
89 32.1306428369
90 23.7381486847
91 21.3879607608
92 21.8677386847
93 23.7868503804
94 35.391684913
95 27.9587466087
96 22.3475166087
97 30.7400107608
98 17.1673628369
99 25.1287807608
100 14.4348003804
101 25.1774824565
102 9.78312622825
103 13.9550224565
104 14.4348003804
105 14.9145783043
106 19.5662524565
107 6.52208415216
108 10.2629041522
109 8.39249415216
110 7.43293830433
111 12.5643903804
112 9.78312622825
113 13.0441683043
114 20.0460303804
115 10.6939803804
116 7.91271622825
117 8.87227207608
118 4.65167415216
119 13.0441683043
120 12.1333141522
121 10.7426820761
122 7.00186207608
123 3.74082
124 7.00186207608
125 13.9550224565
126 7.91271622825
127 9.30334830433
128 14.9145783043
129 7.91271622825
130 6.52208415216
131 7.48164
132 4.65167415216
133 4.17189622825
134 12.1333141522
135 5.13145207608
136 0.0
137 1.39063207608
138 4.17189622825
139 7.00186207608
140 0.0
141 3.26104207608
142 2.78126415216
143 3.74082
144 7.00186207608
145 2.78126415216
146 6.52208415216
147 10.2629041522
148 7.00186207608
149 6.04230622825
150 6.52208415216
151 3.26104207608
152 6.52208415216
153 0.0
154 1.39063207608
155 4.65167415216
156 8.39249415216
157 1.87041
158 3.26104207608
159 0.0
160 3.74082
161 1.39063207608
162 1.87041
163 4.65167415216
164 3.26104207608
165 8.39249415216
166 3.74082
167 3.26104207608
168 1.87041
169 4.65167415216
170 1.39063207608
171 1.87041
172 3.26104207608
173 3.26104207608
174 0.0
175 0.0
176 1.39063207608
177 0.0
178 2.78126415216
179 3.74082
180 5.61123
181 2.78126415216
182 5.13145207608
183 0.0
184 3.74082
185 0.0
186 1.87041
187 2.78126415216
188 5.13145207608
189 0.0
190 1.87041
191 0.0
192 1.87041
193 0.0
194 0.0
195 4.65167415216
196 1.87041
197 1.87041
198 3.26104207608
199 1.39063207608
200 1.87041
201 1.39063207608
202 1.87041
203 0.0
204 1.87041
205 0.0
206 1.39063207608
207 0.0
208 0.0
209 1.87041
210 0.0
211 0.0
212 0.0
213 0.0
214 3.26104207608
215 1.87041
216 1.87041
217 3.26104207608
218 3.26104207608
219 5.61123
220 1.87041
221 3.26104207608
222 0.0
223 0.0
224 1.39063207608
225 0.0
226 0.0
227 0.0
228 0.0
229 0.0
230 1.39063207608
231 3.26104207608
232 0.0
233 3.26104207608
234 1.39063207608
235 0.0
236 1.87041
237 0.0
238 1.87041
239 0.0
240 0.0
241 0.0
242 1.87041
243 0.0
244 0.0
245 1.39063207608
246 0.0
247 1.87041
248 1.87041
249 0.0
250 0.0
251 0.0
252 0.0
253 0.0
254 0.0
255 1.39063207608
256 1.87041
257 0.0
258 0.0
259 0.0
260 1.87041
261 1.39063207608
262 0.0
263 1.87041
264 0.0
265 1.39063207608
266 0.0
267 0.0
268 0.0
269 1.87041
270 0.0
271 0.0
272 0.0
273 0.0
274 3.74082
275 0.0
276 0.0
277 0.0
278 1.87041
279 0.0
280 0.0
281 3.26104207608
282 0.0
283 0.0
284 0.0
285 0.0
286 1.87041
287 1.39063207608
288 0.0
289 1.39063207608
290 0.0
291 0.0
292 0.0
293 0.0
294 0.0
295 0.0
296 0.0
297 0.0
298 0.0
299 0.0
