0 0.0
1 0.0
2 6.04230622825
3 1.39063207608
4 0.0
5 4.65167415216
6 13.0441683043
7 7.91271622825
8 11.6535362282
9 9.78312622825
10 10.2629041522
11 10.6939803804
12 8.82357038041
13 17.6958424565
14 12.1333141522
15 5.56252830433
16 27.0478924565
17 22.8272945326
18 29.3980803804
19 18.6553983043
20 14.9145783043
21 15.3456545326
22 31.6995666087
23 13.9550224565
24 29.3493786847
25 25.6572603804
26 14.4348003804
27 28.3411211412
28 26.9991907608
29 27.9587466087
30 34.9606086847
31 39.5635811412
32 34.4808307608
33 43.7354773695
34 29.780454913
35 32.6104207608
36 38.7014286847
37 42.873324913
38 34.4808307608
39 41.0516166087
40 36.7823169891
41 27.4789686847
42 55.4864169891
43 29.8291566087
44 23.7868503804
45 34.4808307608
46 45.6545890651
47 43.3531028369
48 29.8291566087
49 44.743734913
50 40.0920607608
51 40.5231369891
52 23.3070724565
53 50.354964913
54 34.9606086847
55 43.3531028369
56 51.6968952934
57 35.8714628369
58 20.9568845326
59 37.2133932173
60 38.2216507608
61 42.3935469891
62 37.262094913
63 31.650864913
64 32.1306428369
65 46.5654432173
66 40.0433590651
67 25.6085586847
68 43.3044011412
69 39.6609845326
70 24.6977045326
71 36.8310186847
72 43.7354773695
73 36.3512407608
74 30.3089345326
75 30.7887124565
76 31.2197886847
77 33.0901986847
78 30.7400107608
79 23.3557741522
80 39.6609845326
81 41.9624707608
82 25.1287807608
83 31.2197886847
84 29.3493786847
85 26.5681145326
86 32.1793445326
87 37.262094913
88 24.6977045326
89 34.4321290651
90 21.3879607608
91 38.2703524565
92 27.4789686847
93 19.5662524565
94 27.9587466087
95 18.6066966087
96 31.650864913
97 29.8291566087
98 28.4385245326
99 19.9973286847
100 28.9183024565
101 23.2583707608
102 25.6085586847
103 26.0883366087
104 15.3943562282
105 25.1287807608
106 30.2602328369
107 17.6958424565
108 35.8714628369
109 22.3962183043
110 21.8677386847
111 25.5598569891
112 15.8741341522
113 20.0460303804
114 29.780454913
115 22.3962183043
116 18.6553983043
117 15.8254324565
118 21.9164403804
119 26.0883366087
120 10.2142024565
121 18.1756203804
122 22.8272945326
123 18.1756203804
124 21.4366624565
125 22.3475166087
126 15.3456545326
127 19.5662524565
128 22.3475166087
129 20.0460303804
130 16.7849883043
131 22.3475166087
132 17.6958424565
133 8.39249415216
134 20.0460303804
135 13.4752445326
136 21.0055862282
137 15.8741341522
138 14.4348003804
139 10.7426820761
140 13.5239462282
141 11.1737583043
142 17.2647662282
143 14.9145783043
144 7.43293830433
145 10.2629041522
146 23.7868503804
147 17.2160645326
148 19.5662524565
149 16.7849883043
150 4.65167415216
151 10.6939803804
152 11.1737583043
153 3.26104207608
154 11.6535362282
155 15.3456545326
156 17.6958424565
157 9.30334830433
158 14.8658766087
159 10.2629041522
160 13.0441683043
161 7.43293830433
162 12.5643903804
163 9.78312622825
164 19.1351762282
165 13.5239462282
166 12.1333141522
167 9.78312622825
168 12.6130920761
169 14.9145783043
170 10.2629041522
171 10.6939803804
172 10.2629041522
173 7.00186207608
174 10.2629041522
175 2.78126415216
176 1.39063207608
177 3.26104207608
178 6.52208415216
179 9.78312622825
180 11.6535362282
181 5.56252830433
182 7.00186207608
183 14.0037241522
184 1.39063207608
185 2.78126415216
186 9.30334830433
187 6.52208415216
188 6.04230622825
189 4.65167415216
190 7.00186207608
191 14.4348003804
192 7.00186207608
193 3.74082
194 2.78126415216
195 6.52208415216
196 6.04230622825
197 8.87227207608
198 6.04230622825
199 6.52208415216
200 5.13145207608
201 6.04230622825
202 6.04230622825
203 4.65167415216
204 6.52208415216
205 2.78126415216
206 3.74082
207 12.1333141522
208 6.52208415216
209 5.13145207608
210 6.04230622825
211 5.61123
212 9.35205
213 5.13145207608
214 0.0
215 8.39249415216
216 2.78126415216
217 4.65167415216
218 3.74082
219 1.87041
220 0.0
221 1.87041
222 1.39063207608
223 0.0
224 4.17189622825
225 0.0
226 5.61123
227 1.39063207608
228 2.78126415216
229 5.61123
230 3.26104207608
231 5.56252830433
232 2.78126415216
233 4.65167415216
234 4.65167415216
235 10.2629041522
236 0.0
237 2.78126415216
238 6.52208415216
239 3.26104207608
240 5.13145207608
241 5.13145207608
242 8.87227207608
243 3.74082
244 0.0
245 0.0
246 1.87041
247 4.65167415216
248 0.0
249 5.13145207608
250 6.52208415216
251 3.74082
252 5.13145207608
253 0.0
254 0.0
255 1.39063207608
256 0.0
257 4.65167415216
258 2.78126415216
259 8.39249415216
260 1.39063207608
261 0.0
262 3.74082
263 0.0
264 0.0
265 1.39063207608
266 1.39063207608
267 1.87041
268 3.26104207608
269 1.87041
270 0.0
271 1.87041
272 1.39063207608
273 0.0
274 0.0
275 1.87041
276 3.26104207608
277 1.87041
278 1.87041
279 1.87041
280 4.65167415216
281 1.39063207608
282 0.0
283 3.74082
284 0.0
285 0.0
286 1.39063207608
287 1.87041
288 1.39063207608
289 3.74082
290 3.26104207608
291 0.0
292 0.0
293 4.65167415216
294 7.91271622825
295 1.39063207608
296 1.39063207608
297 3.74082
298 3.74082
299 3.74082
