0 11.6535362282
1 1.39063207608
2 1.87041
3 1.39063207608
4 0.0
5 0.0
6 0.0
7 3.74082
8 0.0
9 0.0
10 1.87041
11 3.74082
12 0.0
13 1.39063207608
14 3.26104207608
15 1.39063207608
16 10.2629041522
17 5.13145207608
18 2.78126415216
19 7.00186207608
20 6.52208415216
21 4.65167415216
22 8.87227207608
23 3.74082
24 3.74082
25 14.4348003804
26 12.1333141522
27 14.0037241522
28 9.78312622825
29 13.5239462282
30 11.1737583043
31 23.2583707608
32 19.5662524565
33 30.3089345326
34 35.8714628369
35 45.7032907608
36 56.3485694456
37 90.8781019021
38 165.882069652
39 360.779845152
40 626.31488539
41 891.655118846
42 967.187566216
43 713.591033347
44 310.70985138
45 129.051050967
46 46.1343669891
47 25.1774824565
48 13.5239462282
49 3.26104207608
50 5.13145207608
51 2.78126415216
52 1.87041
53 1.87041
54 1.87041
55 0.0
56 1.87041
57 2.78126415216
58 1.87041
59 1.87041
60 0.0
61 0.0
62 1.87041
63 0.0
64 0.0
65 0.0
66 0.0
67 0.0
68 0.0
69 0.0
70 0.0
71 0.0
72 0.0
73 0.0
74 0.0
75 0.0
76 0.0
77 0.0
78 0.0
79 1.39063207608
80 0.0
81 0.0
82 0.0
83 0.0
84 0.0
85 0.0
86 0.0
87 0.0
88 0.0
89 0.0
90 0.0
91 0.0
92 0.0
93 0.0
94 0.0
95 0.0
96 0.0
97 0.0
98 0.0
99 0.0
