0 0.0
1 0.0
2 0.0
3 0.0
4 0.0
5 0.0
6 0.0
7 0.0
8 0.0
9 0.0
10 0.0
11 215.757256641
12 578.789886325
13 360.779845152
14 221.173679858
15 151.301164185
16 136.101614739
17 106.27245813
18 77.8339335977
19 53.5673052934
20 41.002914913
21 41.002914913
22 33.0901986847
23 37.7418728369
24 27.0478924565
25 20.9568845326
26 19.0864745326
27 19.1351762282
28 17.7445441522
29 21.0055862282
30 27.5276703804
31 16.7849883043
32 23.3070724565
33 12.1333141522
34 24.6977045326
35 5.13145207608
36 15.8741341522
37 17.6958424565
38 13.0441683043
39 16.7849883043
40 12.5643903804
41 8.39249415216
42 7.00186207608
43 12.1333141522
44 8.34379245649
45 8.87227207608
46 6.04230622825
47 8.39249415216
48 12.6130920761
49 10.6939803804
50 10.2629041522
51 17.6958424565
52 34.0497545326
53 15.3943562282
54 21.4366624565
55 29.8291566087
56 35.8714628369
57 30.2602328369
58 22.8272945326
59 28.8696007608
60 20.9568845326
61 48.484554913
62 40.0433590651
63 38.6527269891
64 27.9587466087
65 29.3493786847
66 19.5662524565
67 41.0516166087
68 33.9523511412
69 15.7767307608
70 52.225374913
71 37.7418728369
72 39.6122828369
73 38.6527269891
74 38.2216507608
75 49.9238886847
76 37.7418728369
77 47.5737007608
78 65.2208415216
79 72.2227035977
80 84.7870939781
81 70.3522935977
82 90.3496222825
83 123.870897195
84 132.840572663
85 149.576859272
86 210.577102869
87 282.799806467
88 371.758796673
89 600.706326706
90 185.302217021
91 0.0
92 0.0
93 0.0
94 0.0
95 0.0
96 0.0
97 0.0
98 0.0
99 0.0
