0 0.0
1 13.5239462282
2 11.1737583043
3 13.9550224565
4 9.78312622825
5 14.4348003804
6 13.0441683043
7 11.6535362282
8 14.4348003804
9 6.52208415216
10 9.78312622825
11 15.3943562282
12 11.6535362282
13 28.9670041522
14 9.78312622825
15 12.5643903804
16 16.3052103804
17 14.4835020761
18 17.2160645326
19 15.8254324565
20 16.3052103804
21 14.9145783043
22 21.8677386847
23 7.91271622825
24 23.7868503804
25 18.1269186847
26 14.9145783043
27 21.4853641522
28 16.7362866087
29 10.2142024565
30 7.00186207608
31 13.9550224565
32 16.3052103804
33 23.3070724565
34 17.2160645326
35 11.1737583043
36 18.1756203804
37 23.3070724565
38 16.3052103804
39 22.3962183043
40 26.0883366087
41 7.91271622825
42 24.2179266087
43 30.3576362282
44 21.9164403804
45 18.6066966087
46 18.1756203804
47 20.9568845326
48 20.4771066087
49 12.5643903804
50 20.9568845326
51 28.4872262282
52 33.5699766087
53 22.8759962282
54 23.7868503804
55 34.5295324565
56 11.6535362282
57 39.6609845326
58 20.9568845326
59 10.6939803804
60 22.298814913
61 24.6490028369
62 23.8355520761
63 26.5681145326
64 25.6572603804
65 47.5249990651
66 43.2556994456
67 26.5681145326
68 51.6968952934
69 47.5737007608
70 39.6122828369
71 38.2216507608
72 29.8291566087
73 46.614144913
74 47.5249990651
75 46.2317703804
76 48.9156311412
77 34.0010528369
78 41.5313945326
79 35.391684913
80 47.0939228369
81 49.3954090651
82 47.0452211412
83 41.4826928369
84 44.743734913
85 28.3411211412
86 45.6545890651
87 35.391684913
88 51.7455969891
89 36.8310186847
90 44.7924366087
91 49.8751869891
92 50.7373394456
93 48.4358532173
94 57.3081252934
95 68.912959826
96 63.3504315216
97 68.5305852934
98 74.5728915216
99 57.3081252934
100 59.6583132173
101 65.7006194456
102 75.0526694456
103 79.2245656738
104 62.9193552934
105 64.3099873695
106 54.9092356738
107 74.0444119021
108 81.9571281303
109 104.353346435
110 77.3054539781
111 74.0444119021
112 88.6253173695
113 78.7934894456
114 86.1777260542
115 90.4470256738
116 95.9608522825
117 108.956318891
118 79.1758639781
119 80.6151977499
120 101.474678891
121 82.9653856738
122 117.49491813
123 85.6979481303
124 95.5297760542
125 63.3504315216
126 92.6511085107
127 59.6096115216
128 45.6058873695
129 51.7455969891
130 51.6968952934
131 41.4339911412
132 44.2639569891
133 41.4339911412
134 44.743734913
135 21.9164403804
136 27.0478924565
137 18.1756203804
138 11.6535362282
139 18.1756203804
140 17.6958424565
141 17.2647662282
142 9.30334830433
143 13.0441683043
144 0.0
145 14.9145783043
146 15.3943562282
147 7.00186207608
148 12.6130920761
149 18.6066966087
150 8.87227207608
151 10.7426820761
152 14.0037241522
153 7.00186207608
154 4.65167415216
155 1.87041
156 8.39249415216
157 2.78126415216
158 1.39063207608
159 0.0
160 1.87041
161 3.26104207608
162 1.39063207608
163 1.87041
164 3.26104207608
165 1.87041
166 3.74082
167 0.0
168 5.61123
169 3.26104207608
170 0.0
171 1.87041
172 3.74082
173 3.74082
174 0.0
175 0.0
176 6.04230622825
177 1.87041
178 0.0
179 0.0
180 1.39063207608
181 0.0
182 0.0
183 0.0
184 0.0
185 0.0
186 0.0
187 1.39063207608
188 1.39063207608
189 2.78126415216
190 1.39063207608
191 2.78126415216
192 0.0
193 0.0
194 2.78126415216
195 1.87041
196 1.39063207608
197 1.87041
198 0.0
199 0.0
200 0.0
201 1.87041
202 0.0
203 1.39063207608
204 1.87041
205 1.87041
206 0.0
207 1.39063207608
208 0.0
209 0.0
210 2.78126415216
211 1.39063207608
212 0.0
213 1.87041
214 1.39063207608
215 0.0
216 0.0
217 0.0
218 0.0
219 1.87041
220 0.0
221 0.0
222 0.0
223 0.0
224 0.0
225 3.26104207608
226 0.0
227 0.0
228 0.0
229 0.0
230 0.0
231 0.0
232 1.87041
233 0.0
234 0.0
235 0.0
236 0.0
237 0.0
238 0.0
239 1.87041
240 0.0
241 1.87041
242 0.0
243 0.0
244 1.39063207608
245 0.0
246 0.0
247 0.0
248 1.87041
249 0.0
250 0.0
251 0.0
252 0.0
253 0.0
254 0.0
255 0.0
256 0.0
257 0.0
258 0.0
259 0.0
260 0.0
261 0.0
262 0.0
263 0.0
264 0.0
265 0.0
266 0.0
267 0.0
268 0.0
269 0.0
270 0.0
271 0.0
272 0.0
273 0.0
274 0.0
275 0.0
276 0.0
277 0.0
278 0.0
279 0.0
280 0.0
281 0.0
282 0.0
283 0.0
284 0.0
285 2.78126415216
286 0.0
287 0.0
288 0.0
289 0.0
290 0.0
291 0.0
292 1.87041
293 0.0
294 0.0
295 0.0
296 0.0
297 0.0
298 0.0
299 0.0
