0 0.0
1 0.0
2 6.52208415216
3 6.52208415216
4 3.74082
5 5.13145207608
6 5.61123
7 10.7426820761
8 18.6553983043
9 10.7426820761
10 12.0846124565
11 15.3456545326
12 14.4835020761
13 24.2179266087
14 23.2583707608
15 27.5276703804
16 20.0460303804
17 20.4771066087
18 35.8714628369
19 32.6104207608
20 36.8310186847
21 17.6958424565
22 48.9156311412
23 32.6104207608
24 36.8310186847
25 48.0047769891
26 40.0920607608
27 48.0047769891
28 54.4781594456
29 38.2216507608
30 60.0893894456
31 48.484554913
32 54.4781594456
33 60.0406877499
34 56.9257507608
35 69.0103632173
36 78.7934894456
37 71.3118494456
38 41.8650673695
39 60.5691673695
40 76.8743777499
41 65.2208415216
42 65.6519177499
43 63.3504315216
44 57.7392015216
45 43.7841790651
46 47.4762973695
47 65.318244913
48 57.3081252934
49 77.7365302064
50 58.7474590651
51 53.0875273695
52 78.3137115216
53 88.5766156738
54 92.6998102064
55 73.6133356738
56 63.3504315216
57 81.1436773695
58 76.9230794456
59 62.8706535977
60 62.4395773695
61 61.4800215216
62 78.7447877499
63 60.6178690651
64 70.8320715216
65 82.4369060542
66 76.9230794456
67 52.6077494456
68 72.7024815216
69 46.614144913
70 44.743734913
71 65.7493211412
72 72.2714052934
73 43.8328807608
74 59.2272369891
75 46.9965194456
76 48.0047769891
77 53.9983815216
78 51.2171173695
79 53.0875273695
80 52.225374913
81 50.354964913
82 70.4496969891
83 43.3044011412
84 39.5635811412
85 33.521274913
86 38.6527269891
87 48.0047769891
88 40.4744352934
89 47.0452211412
90 41.9137690651
91 31.1710869891
92 35.391684913
93 32.1793445326
94 40.5231369891
95 36.8310186847
96 27.9587466087
97 37.262094913
98 19.9973286847
99 33.0414969891
100 21.9164403804
101 32.6104207608
102 17.6958424565
103 23.3070724565
104 21.8677386847
105 25.1774824565
106 22.8272945326
107 14.4348003804
108 24.6977045326
109 11.1737583043
110 15.3456545326
111 19.0864745326
112 14.4348003804
113 16.7849883043
114 26.5681145326
115 21.3879607608
116 13.9550224565
117 13.5239462282
118 11.1737583043
119 18.1756203804
120 19.1351762282
121 21.9164403804
122 11.6535362282
123 8.87227207608
124 14.4348003804
125 18.6066966087
126 10.6939803804
127 14.4348003804
128 25.1774824565
129 13.5239462282
130 7.91271622825
131 10.7426820761
132 9.30334830433
133 9.30334830433
134 13.5239462282
135 18.1756203804
136 4.65167415216
137 8.39249415216
138 7.91271622825
139 11.6535362282
140 2.78126415216
141 5.13145207608
142 6.04230622825
143 7.91271622825
144 7.00186207608
145 7.43293830433
146 11.6535362282
147 10.2629041522
148 15.8741341522
149 8.82357038041
150 14.4348003804
151 5.13145207608
152 2.78126415216
153 3.26104207608
154 2.78126415216
155 2.78126415216
156 14.9145783043
157 7.00186207608
158 8.39249415216
159 3.26104207608
160 3.74082
161 4.65167415216
162 3.74082
163 9.78312622825
164 6.04230622825
165 10.2629041522
166 3.74082
167 3.26104207608
168 4.65167415216
169 4.65167415216
170 5.13145207608
171 1.87041
172 9.78312622825
173 10.7426820761
174 3.26104207608
175 5.13145207608
176 3.26104207608
177 1.39063207608
178 2.78126415216
179 7.00186207608
180 8.87227207608
181 8.39249415216
182 5.13145207608
183 3.74082
184 5.61123
185 0.0
186 3.26104207608
187 2.78126415216
188 7.00186207608
189 0.0
190 5.61123
191 1.39063207608
192 5.13145207608
193 1.87041
194 1.87041
195 6.52208415216
196 3.74082
197 5.13145207608
198 3.26104207608
199 1.39063207608
200 1.87041
201 2.78126415216
202 3.26104207608
203 0.0
204 1.87041
205 1.39063207608
206 3.26104207608
207 0.0
208 1.87041
209 1.87041
210 1.87041
211 3.26104207608
212 1.39063207608
213 1.87041
214 3.26104207608
215 1.87041
216 3.74082
217 4.65167415216
218 3.26104207608
219 7.48164
220 3.74082
221 6.52208415216
222 0.0
223 1.87041
224 2.78126415216
225 3.26104207608
226 0.0
227 0.0
228 0.0
229 0.0
230 1.39063207608
231 3.26104207608
232 1.87041
233 3.26104207608
234 1.39063207608
235 0.0
236 3.26104207608
237 0.0
238 3.26104207608
239 0.0
240 1.87041
241 0.0
242 1.87041
243 0.0
244 1.39063207608
245 1.39063207608
246 0.0
247 1.87041
248 1.87041
249 1.87041
250 0.0
251 0.0
252 0.0
253 0.0
254 0.0
255 3.26104207608
256 1.87041
257 0.0
258 0.0
259 0.0
260 1.87041
261 1.39063207608
262 0.0
263 1.87041
264 1.87041
265 1.39063207608
266 0.0
267 0.0
268 0.0
269 0.0
270 0.0
271 0.0
272 0.0
273 1.87041
274 3.74082
275 0.0
276 1.39063207608
277 0.0
278 1.87041
279 0.0
280 0.0
281 4.65167415216
282 1.87041
283 0.0
284 0.0
285 0.0
286 1.87041
287 1.39063207608
288 0.0
289 1.39063207608
290 0.0
291 0.0
292 0.0
293 0.0
294 0.0
295 0.0
296 1.39063207608
297 0.0
298 0.0
299 0.0
