0 0.0
1 0.0
2 9.30334830433
3 2.78126415216
4 0.0
5 4.65167415216
6 17.6958424565
7 7.91271622825
8 11.6535362282
9 11.6535362282
10 14.0037241522
11 10.6939803804
12 8.82357038041
13 19.0864745326
14 19.1351762282
15 13.0441683043
16 28.4385245326
17 21.4366624565
18 27.0478924565
19 22.3962183043
20 19.5662524565
21 24.2179266087
22 33.5699766087
23 17.2160645326
24 42.3935469891
25 37.3107966087
26 17.6958424565
27 42.7759215216
28 28.3898228369
29 27.4789686847
30 33.0901986847
31 53.0875273695
32 36.8310186847
33 53.9983815216
34 38.1729490651
35 44.743734913
36 47.5737007608
37 46.614144913
38 48.0047769891
39 52.225374913
40 39.5635811412
41 47.5249990651
42 62.9680569891
43 42.873324913
44 37.3107966087
45 44.743734913
46 57.3081252934
47 55.4864169891
48 31.2197886847
49 53.1362290651
50 41.4826928369
51 44.6950332173
52 32.1306428369
53 56.3972711412
54 41.9624707608
55 52.225374913
56 69.4414394456
57 48.4358532173
58 31.6995666087
59 54.4781594456
60 66.1803973695
61 58.2189794456
62 47.0452211412
63 46.0856652934
64 50.3062632173
65 60.0893894456
66 53.0875273695
67 40.0433590651
68 51.2171173695
69 55.5351186847
70 29.3493786847
71 46.614144913
72 53.5186035977
73 47.0939228369
74 36.3512407608
75 38.2703524565
76 46.1343669891
77 38.7014286847
78 40.5231369891
79 31.7482683043
80 40.5718386847
81 46.614144913
82 38.1729490651
83 41.002914913
84 36.3512407608
85 37.7418728369
86 35.4403866087
87 44.2639569891
88 33.521274913
89 43.7354773695
90 26.5194128369
91 34.5295324565
92 36.3512407608
93 27.5276703804
94 39.6122828369
95 26.039634913
96 36.7823169891
97 37.7418728369
98 32.1793445326
99 26.039634913
100 35.4403866087
101 29.780454913
102 28.3898228369
103 24.6977045326
104 20.0460303804
105 33.0414969891
106 33.0414969891
107 21.9164403804
108 40.5231369891
109 28.4385245326
110 26.9991907608
111 30.2602328369
112 21.0055862282
113 25.1774824565
114 38.1729490651
115 23.7868503804
116 22.8272945326
117 19.5662524565
118 25.6572603804
119 27.9587466087
120 16.7362866087
121 27.0478924565
122 20.9568845326
123 21.4366624565
124 27.4789686847
125 26.0883366087
126 20.9081828369
127 21.4366624565
128 29.780454913
129 22.8272945326
130 16.7849883043
131 26.5681145326
132 19.0864745326
133 9.78312622825
134 23.7868503804
135 17.2160645326
136 22.8759962282
137 17.2647662282
138 20.9568845326
139 14.0037241522
140 13.5239462282
141 16.3052103804
142 13.0441683043
143 19.5662524565
144 12.5643903804
145 11.6535362282
146 28.4385245326
147 19.9973286847
148 21.4366624565
149 19.5662524565
150 6.52208415216
151 12.5643903804
152 14.4348003804
153 6.04230622825
154 17.2647662282
155 14.8658766087
156 20.4771066087
157 7.91271622825
158 14.8658766087
159 15.8254324565
160 18.1756203804
161 8.82357038041
162 12.5643903804
163 11.6535362282
164 22.8759962282
165 11.6535362282
166 12.1333141522
167 11.1737583043
168 16.3539120761
169 16.7849883043
170 15.8741341522
171 12.5643903804
172 11.6535362282
173 7.00186207608
174 12.1333141522
175 8.39249415216
176 3.26104207608
177 3.26104207608
178 8.39249415216
179 12.1333141522
180 11.6535362282
181 5.56252830433
182 14.0037241522
183 14.0037241522
184 1.39063207608
185 4.65167415216
186 9.30334830433
187 9.78312622825
188 4.65167415216
189 6.04230622825
190 10.2629041522
191 17.6958424565
192 8.87227207608
193 3.74082
194 2.78126415216
195 10.2629041522
196 7.91271622825
197 8.87227207608
198 7.43293830433
199 6.52208415216
200 6.52208415216
201 4.65167415216
202 6.04230622825
203 7.91271622825
204 6.52208415216
205 4.17189622825
206 5.61123
207 12.1333141522
208 7.91271622825
209 6.52208415216
210 6.04230622825
211 5.61123
212 9.35205
213 8.39249415216
214 0.0
215 9.78312622825
216 2.78126415216
217 3.26104207608
218 5.13145207608
219 1.87041
220 1.87041
221 1.87041
222 1.39063207608
223 0.0
224 6.04230622825
225 1.39063207608
226 3.74082
227 1.39063207608
228 4.65167415216
229 5.61123
230 3.26104207608
231 5.56252830433
232 2.78126415216
233 6.52208415216
234 4.65167415216
235 10.2629041522
236 1.87041
237 3.26104207608
238 8.39249415216
239 3.26104207608
240 5.13145207608
241 5.13145207608
242 7.00186207608
243 3.74082
244 0.0
245 0.0
246 1.39063207608
247 6.04230622825
248 0.0
249 5.13145207608
250 6.52208415216
251 5.61123
252 5.13145207608
253 0.0
254 0.0
255 1.39063207608
256 0.0
257 4.65167415216
258 2.78126415216
259 8.39249415216
260 1.39063207608
261 1.87041
262 3.74082
263 0.0
264 0.0
265 1.39063207608
266 1.39063207608
267 1.87041
268 5.13145207608
269 1.87041
270 0.0
271 1.87041
272 3.26104207608
273 0.0
274 0.0
275 1.87041
276 4.65167415216
277 3.74082
278 1.87041
279 1.87041
280 6.04230622825
281 1.39063207608
282 0.0
283 3.74082
284 0.0
285 0.0
286 1.39063207608
287 1.87041
288 1.39063207608
289 3.74082
290 3.26104207608
291 1.39063207608
292 0.0
293 4.65167415216
294 7.91271622825
295 1.39063207608
296 1.39063207608
297 3.74082
298 3.74082
299 3.74082
