0 0.0
1 0.0
2 0.0
3 5.61123
4 5.13145207608
5 5.61123
6 7.00186207608
7 9.78312622825
8 10.2142024565
9 9.78312622825
10 11.22246
11 18.1756203804
12 13.0441683043
13 12.6130920761
14 15.3456545326
15 17.6958424565
16 33.1389003804
17 19.5662524565
18 31.6995666087
19 30.7887124565
20 30.3089345326
21 25.6085586847
22 13.5239462282
23 32.6591224565
24 20.5258083043
25 39.5148794456
26 38.1729490651
27 38.1729490651
28 40.0920607608
29 14.4348003804
30 42.9220266087
31 29.780454913
32 35.8714628369
33 48.4358532173
34 48.0047769891
35 49.8751869891
36 45.6545890651
37 40.9542132173
38 41.4339911412
39 49.4441107608
40 52.1766732173
41 47.4762973695
42 44.6463315216
43 46.1343669891
44 36.3512407608
45 46.614144913
46 63.9276128369
47 48.484554913
48 66.7088769891
49 38.6527269891
50 51.6968952934
51 51.2171173695
52 45.1748111412
53 62.4395773695
54 53.5673052934
55 38.6527269891
56 48.484554913
57 44.3126586847
58 41.002914913
59 28.9183024565
60 26.5194128369
61 52.1279715216
62 48.9156311412
63 53.1362290651
64 32.1306428369
65 43.8815824565
66 44.2152552934
67 46.1343669891
68 45.2235128369
69 46.1343669891
70 46.1343669891
71 45.1748111412
72 49.8264852934
73 41.002914913
74 31.650864913
75 51.7455969891
76 39.6609845326
77 41.9624707608
78 42.3935469891
79 33.0901986847
80 39.132504913
81 51.7455969891
82 34.0010528369
83 54.5268611412
84 37.262094913
85 58.2676811412
86 34.9119069891
87 23.3070724565
88 38.6527269891
89 34.4808307608
90 35.8714628369
91 37.2133932173
92 24.6977045326
93 41.002914913
94 32.1793445326
95 23.7868503804
96 35.4403866087
97 30.6426073695
98 30.7400107608
99 34.5295324565
100 32.1306428369
101 24.2179266087
102 17.6958424565
103 23.7868503804
104 27.910044913
105 39.132504913
106 32.1793445326
107 34.0010528369
108 39.6122828369
109 20.4771066087
110 27.4789686847
111 25.1287807608
112 45.1748111412
113 33.521274913
114 40.0433590651
115 19.5662524565
116 17.2647662282
117 31.1710869891
118 29.3493786847
119 17.2160645326
120 31.2197886847
121 27.9587466087
122 20.9568845326
123 31.650864913
124 29.780454913
125 17.7445441522
126 18.1756203804
127 26.9991907608
128 18.6553983043
129 10.7426820761
130 22.3475166087
131 9.78312622825
132 22.8272945326
133 14.9145783043
134 17.2647662282
135 14.4348003804
136 18.1756203804
137 23.3070724565
138 25.1774824565
139 12.6130920761
140 20.4771066087
141 26.0883366087
142 10.2629041522
143 24.6977045326
144 15.3943562282
145 11.1737583043
146 11.1737583043
147 11.1737583043
148 17.6958424565
149 16.3052103804
150 23.2583707608
151 9.30334830433
152 11.1737583043
153 12.0846124565
154 27.4789686847
155 9.30334830433
156 9.30334830433
157 13.0441683043
158 15.3943562282
159 11.6535362282
160 15.3456545326
161 14.0037241522
162 10.2629041522
163 21.3879607608
164 11.1737583043
165 8.87227207608
166 11.6535362282
167 13.9550224565
168 8.39249415216
169 10.2629041522
170 17.2647662282
171 20.5258083043
172 3.26104207608
173 7.91271622825
174 10.6939803804
175 5.56252830433
176 14.96328
177 7.91271622825
178 6.52208415216
179 13.9550224565
180 12.1333141522
181 8.87227207608
182 7.00186207608
183 10.6939803804
184 8.39249415216
185 6.04230622825
186 2.78126415216
187 9.78312622825
188 18.6066966087
189 14.9145783043
190 1.87041
191 15.3943562282
192 12.0846124565
193 9.78312622825
194 9.78312622825
195 8.39249415216
196 5.13145207608
197 10.7426820761
198 13.0441683043
199 7.00186207608
200 4.65167415216
201 12.1333141522
202 1.39063207608
203 6.04230622825
204 3.74082
205 5.13145207608
206 5.13145207608
207 1.87041
208 5.13145207608
209 1.87041
210 8.87227207608
211 6.04230622825
212 6.52208415216
213 7.91271622825
214 5.61123
215 10.2629041522
216 7.00186207608
217 0.0
218 5.13145207608
219 9.78312622825
220 8.39249415216
221 0.0
222 7.43293830433
223 3.26104207608
224 1.39063207608
225 8.39249415216
226 5.13145207608
227 7.48164
228 3.26104207608
229 8.39249415216
230 5.13145207608
231 3.74082
232 0.0
233 1.87041
234 1.39063207608
235 3.26104207608
236 5.13145207608
237 1.87041
238 1.87041
239 7.00186207608
240 7.48164
241 3.26104207608
242 2.78126415216
243 1.87041
244 1.87041
245 1.39063207608
246 4.65167415216
247 3.26104207608
248 2.78126415216
249 1.87041
250 1.87041
251 0.0
252 0.0
253 3.26104207608
254 3.74082
255 3.26104207608
256 0.0
257 3.74082
258 0.0
259 1.87041
260 1.39063207608
261 3.26104207608
262 1.87041
263 5.13145207608
264 3.26104207608
265 5.61123
266 5.61123
267 3.26104207608
268 5.13145207608
269 3.74082
270 0.0
271 1.87041
272 2.78126415216
273 4.65167415216
274 3.74082
275 0.0
276 8.39249415216
277 1.87041
278 3.26104207608
279 1.87041
280 3.74082
281 1.87041
282 3.26104207608
283 1.87041
284 3.26104207608
285 3.26104207608
286 0.0
287 5.13145207608
288 3.74082
289 6.52208415216
290 3.26104207608
291 1.39063207608
292 1.39063207608
293 0.0
294 1.39063207608
295 1.87041
296 3.26104207608
297 0.0
298 3.74082
299 0.0
