0 0.0
1 0.0
2 0.0
3 0.0
4 0.0
5 0.0
6 0.0
7 0.0
8 0.0
9 0.0
10 0.0
11 19.7542494766
12 59.1065398239
13 19.7542494766
14 18.1440864818
15 12.1006483085
16 3.78832007137
17 5.71332351952
18 13.1929827344
19 5.01159240559
20 1.6806122449
21 0.840306122449
22 6.58387397108
23 3.81856440048
24 0.840306122449
25 4.12344426194
26 1.29764603313
27 2.44283201704
28 2.13795215558
29 6.7363340203
30 3.30073583159
31 1.65036791579
32 0.0
33 8.21163465796
34 0.840306122449
35 1.65036791579
36 5.36060163686
37 2.52091836735
38 13.6024806239
39 1.65036791579
40 9.05194078041
41 4.14104195404
42 1.60252589459
43 0.762219772143
44 8.21163465796
45 0.0
46 1.29764603313
47 0.840306122449
48 2.49067403824
49 10.3897917345
50 3.25289381039
51 2.49067403824
52 5.79140986983
53 8.21163465796
54 0.840306122449
55 0.0
56 0.0
57 1.65036791579
58 3.25289381039
59 11.5426148187
60 1.65036791579
61 0.0
62 0.0
63 0.0
64 0.840306122449
65 0.0
66 0.840306122449
67 0.0
68 0.840306122449
69 1.65036791579
70 1.29764603313
71 0.0
72 1.65036791579
73 5.01159240559
74 0.0
75 0.0
76 1.65036791579
77 3.93702723222
78 4.14104195404
79 1.6806122449
80 5.79140986983
81 1.65036791579
82 8.28208390807
83 3.3612244898
84 11.9999547293
85 8.79991247696
86 7.8991176963
87 15.7882748007
88 16.9510584767
89 41.1853985467
90 13.1627384053
91 0.0
92 0.0
93 0.0
94 0.0
95 0.0
96 0.0
97 0.0
98 0.0
99 0.0
