0 0.0
1 0.0
2 0.0
3 0.0
4 0.0
5 0.0
6 0.0
7 0.0
8 0.0
9 0.0
10 0.0
11 0.0
12 0.0
13 0.0
14 0.0
15 0.0
16 0.0
17 0.0
18 0.0
19 0.0
20 0.0
21 0.0
22 0.0
23 0.0
24 0.0
25 0.0
26 0.0
27 0.0
28 0.0
29 0.0
30 0.0
31 0.0
32 0.0
33 0.0
34 0.0
35 0.0
36 0.0
37 0.0
38 0.840306122449
39 36.9623098882
40 17.4386427165
41 12.4131652702
42 7.88152000421
43 16.5239628951
44 22.2449235149
45 7.57664014274
46 6.58387397108
47 15.5274840721
48 40.3185607466
49 11.1596486069
50 8.31232823718
51 19.7466123764
52 23.0549853082
53 4.59838186472
54 12.352676612
55 1.65036791579
56 4.14104195404
57 6.58387397108
58 4.17128628314
59 4.14104195404
60 2.94801394892
61 3.33098016069
62 0.840306122449
63 7.19367393098
64 3.30073583159
65 0.840306122449
66 2.05986580527
67 5.82165419893
68 21.4046173924
69 1.29764603313
70 0.0
71 5.82165419893
72 0.0
73 0.0
74 0.840306122449
75 1.6806122449
76 0.840306122449
77 3.25289381039
78 0.0
79 0.840306122449
80 0.0
81 2.13795215558
82 2.49067403824
83 0.840306122449
84 0.840306122449
85 0.840306122449
86 1.65036791579
87 0.840306122449
88 0.0
89 2.49067403824
90 0.840306122449
91 3.30073583159
92 3.30073583159
93 0.840306122449
94 0.840306122449
95 0.0
96 0.0
97 1.65036791579
98 0.0
99 1.29764603313
100 8.21163465796
101 0.0
102 0.0
103 0.840306122449
104 1.29764603313
105 1.65036791579
106 0.0
107 0.762219772143
108 0.840306122449
109 1.65036791579
110 8.21163465796
111 0.0
112 0.0
113 2.49067403824
114 0.840306122449
115 0.840306122449
116 1.65036791579
117 0.0
118 3.30073583159
119 0.0
120 0.0
121 3.30073583159
122 0.0
123 1.65036791579
124 1.65036791579
125 10.7023086962
126 0.0
127 0.0
128 8.21163465796
129 0.0
130 0.0
131 0.0
132 0.0
133 0.0
134 0.0
135 0.0
136 0.0
137 0.0
138 0.0
139 0.0
140 1.29764603313
141 0.0
142 8.21163465796
143 0.0
144 0.0
145 0.0
146 0.0
147 0.0
148 0.0
149 3.30073583159
150 0.0
151 0.0
152 0.0
153 0.0
154 0.0
155 0.0
156 0.0
157 0.0
158 0.0
159 0.0
160 0.0
161 0.0
162 0.0
163 0.0
164 0.0
165 1.6806122449
166 0.0
167 0.0
168 8.21163465796
169 0.0
170 0.0
171 0.762219772143
172 0.0
173 0.0
174 0.0
175 0.0
176 0.0
177 0.0
178 0.0
179 0.0
180 0.0
181 0.0
182 0.0
183 0.0
184 1.65036791579
185 0.0
186 0.0
187 0.0
188 0.0
189 0.0
190 0.0
191 0.0
192 0.0
193 0.0
194 0.0
195 0.0
196 0.0
197 0.0
198 0.0
199 0.0
200 0.0
201 0.0
202 0.0
203 0.0
204 0.0
205 0.0
206 0.0
207 1.29764603313
208 0.0
209 0.0
210 0.0
211 0.0
212 0.0
213 0.0
214 0.0
215 0.0
216 0.0
217 0.0
218 0.0
219 1.29764603313
220 0.0
221 0.0
222 0.0
223 0.0
224 0.0
225 0.0
226 0.0
227 0.0
228 0.0
229 0.0
230 0.0
231 0.0
232 0.840306122449
233 0.0
234 0.0
235 0.0
236 0.0
237 0.0
238 0.0
239 0.0
240 0.0
241 0.0
242 0.0
243 0.0
244 0.0
245 0.0
246 0.0
247 0.0
248 0.0
249 0.0
250 0.0
251 0.0
252 0.0
253 0.0
254 0.0
255 0.0
256 0.0
257 0.0
258 0.0
259 0.0
260 0.0
261 0.0
262 0.0
263 0.0
264 0.762219772143
265 0.0
266 0.0
267 0.0
268 0.0
269 0.762219772143
270 0.0
271 0.0
272 0.0
273 0.0
274 0.0
275 0.0
276 0.0
277 0.0
278 0.0
279 0.0
280 0.0
281 0.0
282 0.0
283 0.0
284 0.0
285 0.0
286 0.0
287 0.0
288 0.0
289 0.0
290 0.0
291 0.0
292 0.0
293 0.0
294 0.0
295 0.0
296 0.0
297 0.0
298 0.0
299 0.0
