0 0.0
1 4.98134807649
2 5.74356784863
3 9.90220749476
4 4.93350605528
5 13.1627384053
6 10.7023086962
7 9.89224690286
8 2.49067403824
9 20.133503037
10 11.9999547293
11 11.5426148187
12 4.14104195404
13 9.50928069109
14 3.33098016069
15 6.58387397108
16 2.52091836735
17 9.05194078041
18 2.49067403824
19 31.1709000184
20 4.14104195404
21 19.7240051475
22 10.7023086962
23 4.59838186472
24 4.06295560373
25 3.33098016069
26 6.38361213763
27 1.65036791579
28 2.13795215558
29 14.0332888569
30 4.14104195404
31 4.98134807649
32 1.65036791579
33 0.762219772143
34 5.79140986983
35 14.0030445278
36 9.89224690286
37 5.43868798717
38 0.0
39 8.23424188687
40 11.5426148187
41 1.65036791579
42 3.33098016069
43 2.49067403824
44 5.43868798717
45 8.21163465796
46 1.65036791579
47 2.49067403824
48 22.7022634255
49 0.840306122449
50 1.29764603313
51 3.28313813949
52 4.14104195404
53 2.52091836735
54 0.840306122449
55 0.840306122449
56 0.840306122449
57 0.0
58 1.29764603313
59 0.0
60 9.05194078041
61 0.0
62 2.49067403824
63 1.29764603313
64 2.13795215558
65 0.0
66 2.94801394892
67 0.0
68 1.65036791579
69 0.840306122449
70 0.0
71 9.05194078041
72 1.65036791579
73 0.840306122449
74 0.0
75 9.05194078041
76 0.0
77 3.25289381039
78 1.65036791579
79 1.65036791579
80 2.49067403824
81 9.05194078041
82 0.0
83 2.13795215558
84 0.0
85 0.0
86 0.0
87 3.30073583159
88 0.0
89 2.41258768794
90 3.30073583159
91 1.65036791579
92 1.29764603313
93 0.0
94 0.0
95 0.0
96 1.29764603313
97 0.0
98 1.29764603313
99 0.0
100 0.0
101 0.0
102 0.0
103 0.0
104 0.0
105 0.0
106 0.0
107 0.0
108 0.0
109 1.6806122449
110 0.0
111 0.0
112 0.0
113 0.0
114 1.65036791579
115 0.762219772143
116 0.0
117 0.0
118 0.0
119 0.0
120 0.0
121 0.0
122 0.0
123 0.0
124 0.0
125 0.840306122449
126 0.0
127 0.0
128 0.0
129 0.0
130 0.0
131 0.0
132 0.0
133 0.0
134 0.0
135 0.0
136 0.0
137 0.0
138 0.0
139 0.0
140 0.0
141 0.0
142 0.840306122449
143 0.0
144 0.840306122449
145 0.0
146 0.0
147 0.0
148 0.0
149 0.0
150 0.0
151 0.0
152 0.0
153 0.0
154 0.0
155 0.0
156 0.0
157 0.0
158 0.0
159 0.0
160 0.0
161 0.0
162 0.0
163 0.0
164 0.762219772143
165 0.0
166 0.0
167 0.0
168 0.0
169 0.0
170 0.0
171 0.0
172 0.0
173 0.0
174 0.0
175 0.762219772143
176 0.0
177 0.0
178 0.0
179 0.0
180 0.762219772143
181 0.0
182 0.0
183 0.0
184 0.0
185 0.0
186 0.0
187 0.0
188 0.0
189 0.0
190 0.0
191 0.0
192 0.0
193 0.0
194 0.0
195 0.0
196 0.0
197 0.0
198 0.0
199 0.0
200 0.0
201 0.0
202 0.0
203 0.0
204 0.0
205 0.0
206 1.6806122449
207 0.0
208 0.0
209 0.0
210 0.0
211 0.0
212 0.0
213 0.0
214 0.0
215 0.0
216 0.0
217 0.0
218 0.0
219 0.0
220 0.0
221 0.0
222 0.0
223 0.0
224 0.0
225 0.0
226 0.0
227 0.0
228 0.0
229 0.0
230 0.0
231 0.0
232 0.0
233 0.0
234 0.0
235 0.0
236 0.0
237 0.0
238 0.0
239 0.0
240 0.0
241 0.0
242 0.0
243 0.0
244 0.0
245 0.0
246 0.0
247 0.0
248 0.0
249 0.0
250 0.0
251 0.0
252 0.0
253 0.0
254 0.0
255 0.0
256 0.0
257 0.0
258 0.0
259 0.0
260 0.0
261 0.0
262 0.0
263 0.0
264 0.0
265 0.0
266 0.0
267 0.0
268 0.0
269 0.0
270 0.0
271 0.0
272 0.0
273 0.0
274 0.0
275 0.0
276 0.0
277 0.0
278 0.0
279 0.0
280 0.0
281 0.0
282 0.0
283 0.0
284 0.0
285 0.0
286 0.0
287 0.0
288 0.0
289 0.0
290 0.0
291 0.0
292 0.0
293 0.0
294 0.0
295 0.0
296 0.0
297 0.0
298 0.0
299 0.0
