0 0.0
1 0.0
2 0.0
3 0.0
4 0.0
5 0.0
6 0.0
7 0.0
8 0.0
9 0.0
10 0.0
11 0.0
12 0.0
13 0.0
14 1.29764603313
15 0.840306122449
16 0.0
17 0.0
18 0.0
19 0.0
20 0.0
21 1.65036791579
22 0.0
23 0.0
24 0.0
25 2.49067403824
26 0.762219772143
27 0.840306122449
28 1.65036791579
29 0.0
30 2.49067403824
31 9.05194078041
32 3.33098016069
33 1.6806122449
34 1.65036791579
35 9.89224690286
36 1.65036791579
37 2.49067403824
38 3.30073583159
39 0.0
40 7.8512756751
41 0.0
42 11.9999547293
43 20.5732093502
44 0.0
45 7.04121388176
46 2.41258768794
47 2.97825827803
48 9.89224690286
49 18.9139433542
50 5.79140986983
51 9.89224690286
52 21.4046173924
53 2.94801394892
54 2.52091836735
55 1.65036791579
56 12.352676612
57 4.14104195404
58 8.21163465796
59 12.352676612
60 3.30073583159
61 10.7023086962
62 12.3829209411
63 0.840306122449
64 13.1627384053
65 4.55053984352
66 1.65036791579
67 4.17128628314
68 2.13795215558
69 9.50928069109
70 0.840306122449
71 4.17128628314
72 4.14104195404
73 2.94801394892
74 0.840306122449
75 3.33098016069
76 0.840306122449
77 3.30073583159
78 1.65036791579
79 0.0
80 2.49067403824
81 0.0
82 4.14104195404
83 3.30073583159
84 11.5426148187
85 9.89224690286
86 2.49067403824
87 0.840306122449
88 0.0
89 0.762219772143
90 4.14104195404
91 0.0
92 0.0
93 0.0
94 9.05194078041
95 0.0
96 3.33098016069
97 0.0
98 12.352676612
99 1.65036791579
100 1.65036791579
101 1.65036791579
102 2.13795215558
103 0.0
104 2.49067403824
105 0.0
106 2.49067403824
107 0.840306122449
108 0.840306122449
109 1.65036791579
110 0.840306122449
111 0.0
112 1.65036791579
113 0.840306122449
114 1.60252589459
115 2.49067403824
116 0.0
117 1.65036791579
118 0.0
119 1.65036791579
120 0.840306122449
121 1.29764603313
122 3.30073583159
123 0.0
124 0.840306122449
125 0.762219772143
126 0.0
127 1.6806122449
128 0.0
129 0.0
130 0.0
131 3.30073583159
132 0.0
133 0.840306122449
134 0.0
135 0.0
136 3.30073583159
137 0.0
138 0.840306122449
139 0.0
140 0.0
141 0.0
142 0.0
143 1.29764603313
144 0.0
145 0.0
146 1.65036791579
147 8.21163465796
148 1.65036791579
149 0.0
150 0.0
151 0.0
152 0.0
153 0.0
154 0.840306122449
155 0.0
156 0.0
157 1.65036791579
158 0.0
159 0.840306122449
160 0.0
161 0.0
162 8.21163465796
163 0.0
164 0.0
165 0.0
166 0.0
167 0.0
168 0.0
169 0.762219772143
170 0.0
171 0.840306122449
172 0.0
173 1.65036791579
174 0.0
175 0.840306122449
176 0.840306122449
177 0.0
178 0.0
179 0.0
180 8.21163465796
181 1.65036791579
182 0.0
183 0.0
184 0.0
185 0.0
186 0.0
187 0.0
188 0.0
189 8.21163465796
190 0.0
191 0.0
192 0.0
193 0.0
194 0.0
195 0.0
196 1.29764603313
197 0.0
198 0.0
199 0.0
200 0.0
201 0.0
202 3.30073583159
203 0.0
204 0.0
205 0.0
206 0.0
207 0.0
208 0.0
209 0.0
210 0.0
211 0.0
212 0.0
213 0.0
214 2.59529206626
215 0.0
216 0.0
217 0.0
218 0.0
219 0.0
220 0.0
221 0.0
222 0.0
223 0.0
224 0.0
225 0.0
226 0.0
227 0.0
228 0.0
229 0.0
230 1.29764603313
231 0.0
232 0.0
233 0.0
234 0.0
235 0.0
236 0.0
237 0.0
238 0.0
239 0.0
240 0.0
241 1.52443954429
242 0.0
243 0.0
244 0.0
245 0.0
246 0.0
247 0.0
248 0.0
249 0.0
250 0.0
251 0.0
252 0.0
253 0.0
254 0.0
255 0.0
256 0.0
257 0.0
258 0.0
259 0.0
260 0.0
261 0.0
262 0.0
263 0.0
264 0.0
265 0.0
266 0.0
267 0.0
268 0.0
269 0.0
270 0.0
271 0.0
272 0.762219772143
273 0.0
274 0.0
275 0.0
276 0.0
277 0.0
278 0.0
279 0.0
280 0.0
281 0.0
282 0.0
283 0.0
284 0.0
285 0.0
286 0.0
287 0.0
288 0.0
289 0.0
290 0.0
291 0.0
292 0.0
293 0.0
294 0.0
295 0.0
296 0.0
297 0.0
298 0.0
299 0.0
